0 0
1.85186 3.2075
9.21616e-06 6.415
3.70371 6.415
5.55557 9.6225
3.70372 12.83
1.98416e-05 12.83
1.85187 16.0375
2.26485e-05 19.245
3.70372 19.245
5.55556 22.4525
7.40741 19.245
11.1111 19.245
12.963 22.4525
11.1111 25.66
14.8148 25.66
16.6667 28.8675
14.8148 32.075
11.1111 32.075
12.963 35.2825
11.1111 38.49
7.40741 38.49
5.55556 35.2825
3.70372 38.49
2.95248e-05 38.49
1.85188 41.6975
2.89786e-05 44.905
3.70373 44.905
5.55558 48.1125
3.70373 51.32
2.24901e-05 51.32
1.85187 54.5275
1.79454e-05 57.735
3.70371 57.735
5.55556 60.9425
7.40741 57.735
11.1111 57.735
12.963 60.9425
11.1111 64.15
14.8148 64.15
16.6667 67.3575
18.5185 64.15
22.2222 64.15
20.3704 60.9425
22.2222 57.735
25.9259 57.735
27.7778 60.9425
29.6296 57.735
33.3333 57.735
35.1852 60.9425
33.3333 64.15
37.037 64.15
38.8889 67.3575
37.037 70.565
33.3333 70.565
35.1852 73.7725
33.3333 76.98
37.037 76.98
38.8889 80.1875
40.7407 76.98
44.4444 76.98
46.2963 80.1875
44.4444 83.395
48.1481 83.395
50 86.6025
51.8519 83.395
55.5556 83.395
53.7037 80.1875
55.5556 76.98
59.2593 76.98
61.1112 80.1875
62.963 76.98
66.6667 76.98
64.8148 73.7725
66.6667 70.565
62.963 70.565
61.1111 67.3575
62.963 64.15
66.6667 64.15
64.8148 60.9425
66.6667 57.735
70.3704 57.735
72.2223 60.9425
74.0741 57.735
77.7778 57.735
79.6297 60.9425
77.7778 64.15
81.4815 64.15
83.3334 67.3575
85.1852 64.15
88.8889 64.15
87.0371 60.9425
88.8889 57.735
92.5926 57.735
94.4445 60.9425
96.2963 57.735
100 57.735
98.1481 54.5275
100 51.32
96.2963 51.32
94.4444 48.1125
96.2963 44.905
100 44.905
98.1481 41.6975
100 38.49
96.2963 38.49
94.4444 35.2825
92.5926 38.49
88.8889 38.49
87.037 35.2825
88.8889 32.075
85.1852 32.075
83.3333 28.8675
85.1852 25.66
88.8889 25.66
87.037 22.4525
88.8889 19.245
92.5926 19.245
94.4445 22.4525
96.2963 19.245
100 19.245
98.1481 16.0375
100 12.83
96.2963 12.83
94.4444 9.6225
96.2963 6.415
100 6.41501
98.1481 3.2075
100 0
96.2963 4.53572e-16
94.4444 -3.2075
92.5926 9.07148e-16
88.8889 1.36072e-15
87.037 -3.2075
88.8889 -6.41501
85.1852 -6.41499
83.3333 -9.62249
81.4815 -6.41499
77.7778 -6.41498
79.6296 -3.2075
77.7778 2.72144e-15
74.0741 3.17501e-15
72.2222 -3.2075
70.3704 3.62859e-15
66.6667 4.08216e-15
64.8148 -3.2075
66.6667 -6.41501
62.963 -6.415
61.1111 -9.6225
62.963 -12.83
66.6667 -12.83
64.8148 -16.0375
66.6667 -19.245
62.963 -19.245
61.1111 -22.4525
59.2593 -19.245
55.5556 -19.245
53.7037 -22.4525
55.5556 -25.66
51.8519 -25.66
50 -28.8675
48.1481 -25.66
44.4444 -25.66
46.2963 -22.4525
44.4444 -19.245
40.7407 -19.245
38.8888 -22.4525
37.037 -19.245
33.3333 -19.245
35.1852 -16.0375
33.3333 -12.83
37.037 -12.83
38.8889 -9.6225
37.037 -6.415
33.3333 -6.41501
35.1852 -3.2075
33.3333 -4.08216e-15
29.6296 -3.62859e-15
27.7777 -3.2075
25.9259 -3.17501e-15
22.2222 -2.72144e-15
20.3703 -3.2075
22.2222 -6.41501
18.5185 -6.41499
16.6666 -9.62249
14.8148 -6.41499
11.1111 -6.41498
12.9629 -3.2075
11.1111 -1.36072e-15
7.4074 -9.07148e-16
5.55555 -3.2075
3.7037 -4.53572e-16
0 0
