842
387
75
578
368
747
293
206
139
194
410
344
763
15
735
223
467
78
441
876
93
154
785
585
788
987
370
667
180
182
366
662
185
759
193
994
66
579
70
33
544
780
828
844
616
191
48
222
367
903
669
731
827
231
789
88
591
177
323
600
304
358
450
701
980
887
704
486
626
34
431
146
728
171
857
679
573
437
232
568
658
919
143
672
79
101
952
401
605
85
826
976
44
927
390
297
414
593
868
610
895
652
256
290
196
364
618
377
412
878
440
762
875
702
709
195
229
946
460
312
924
334
914
113
512
970
148
710
820
461
607
200
909
571
801
311
198
481
630
824
69
220
295
406
472
640
115
981
758
559
733
267
443
720
424
241
594
634
411
727
521
934
459
560
771
965
524
27
65
713
986
355
219
87
429
381
642
46
407
302
286
796
132
754
869
633
673
519
10
542
770
117
245
959
572
767
161
533
332
580
698
656
319
56
514
305
262
416
951
790
35
625
606
648
321
277
825
926
393
244
974
829
717
902
157
331
356
444
908
51
253
137
677
19
400
345
755
126
678
13
645
525
635
925
812
685
484
930
614
781
761
948
4
1000
944
285
299
638
989
477
108
899
60
963
520
92
503
692
300
815
118
236
858
499
599
774
352
438
811
535
615
833
592
900
675
301
42
317
140
983
897
992
383
802
892
497
523
141
910
135
646
915
797
124
255
629
354
62
843
939
906
470
553
133
628
114
396
110
738
691
601
382
978
373
962
292
278
386
274
961
982
589
442
922
508
307
818
555
160
947
515
953
845
918
80
204
890
269
581
41
851
550
385
259
384
26
848
103
455
933
348
395
736
50
190
681
266
275
340
152
5
164
498
120
166
539
835
657
945
917
637
746
22
779
72
21
25
916
786
813
211
52
860
493
158
272
24
131
230
968
418
280
47
43
439
776
37
105
756
30
247
966
504
563
74
529
949
276
16
548
294
398
221
379
840
757
349
165
803
971
215
997
612
109
123
73
112
932
288
11
314
855
873
428
337
469
172
360
570
282
923
329
427
904
445
841
372
346
737
394
151
457
775
310
86
343
203
588
567
483
782
576
322
911
111
18
485
89
769
846
854
619
744
883
993
697
209
973
750
586
501
248
536
179
119
480
351
249
313
409
975
205
199
374
830
647
743
505
175
447
184
739
268
517
958
760
740
724
804
149
20
937
655
168
408
426
361
942
465
794
68
316
653
38
96
100
12
451
783
749
492
243
36
901
335
972
742
392
357
284
273
279
546
957
705
552
257
684
134
474
208
420
582
6
375
309
173
67
935
538
791
632
99
404
834
680
187
611
814
28
217
872
852
419
270
252
32
730
153
960
213
765
665
988
405
216
562
435
90
122
850
214
999
29
142
61
624
76
479
500
718
554
328
59
885
378
258
449
726
772
708
121
83
898
545
84
246
473
569
583
819
534
338
800
888
169
468
9
527
893
227
448
694
64
40
627
650
476
3
192
696
561
116
260
176
807
551
303
716
369
359
639
865
7
327
996
482
874
397
57
39
353
415
688
339
810
682
202
729
556
446
543
433
511
136
507
664
745
106
693
799
281
63
315
250
985
889
347
271
913
808
489
613
228
641
806
238
530
659
721
928
863
668
651
402
631
725
660
188
870
287
929
787
670
183
430
362
289
163
496
528
690
226
456
212
159
956
849
676
941
912
671
574
884
714
587
723
773
699
436
577
886
862
306
371
984
741
495
969
732
821
649
805
881
237
365
380
880
837
218
376
509
526
623
687
130
861
502
425
97
350
54
77
620
753
795
17
71
584
784
766
636
265
894
261
792
454
867
752
856
491
590
879
506
938
488
225
81
462
991
318
162
421
597
955
707
643
809
566
128
452
464
964
622
8
703
768
320
558
298
14
531
94
326
950
458
178
995
23
565
240
403
602
291
235
943
777
1
325
95
422
549
224
207
608
990
82
896
31
537
832
598
654
336
920
541
683
233
823
722
575
518
145
940
711
663
129
210
432
617
189
666
167
831
254
793
734
453
816
389
156
330
324
107
125
2
838
859
510
102
689
513
296
55
882
871
891
877
475
540
532
283
905
341
604
661
621
466
53
748
147
686
308
595
181
263
144
921
150
936
49
751
251
174
487
778
58
609
471
242
522
104
998
557
98
234
979
239
644
967
333
695
706
564
91
798
342
434
817
413
712
170
363
907
138
127
547
388
674
715
201
197
700
399
423
931
45
490
463
719
603
847
155
391
417
596
494
866
516
864
478
954
264
764
822
836
977
186
853
839
