0 0
5.55557 9.6225
2.26485e-05 19.245
11.1111 19.245
16.6667 28.8675
11.1111 38.49
2.95248e-05 38.49
5.55558 48.1125
1.79454e-05 57.735
11.1111 57.735
16.6667 67.3575
22.2222 57.735
33.3333 57.735
38.8889 67.3575
33.3333 76.98
44.4444 76.98
50 86.6025
55.5556 76.98
66.6667 76.98
61.1111 67.3575
66.6667 57.735
77.7778 57.735
83.3334 67.3575
88.8889 57.735
100 57.735
94.4444 48.1125
100 38.49
88.8889 38.49
83.3333 28.8675
88.8889 19.245
100 19.245
94.4444 9.6225
100 0
88.8889 1.36072e-15
83.3333 -9.62249
77.7778 2.72144e-15
66.6667 4.08216e-15
61.1111 -9.6225
66.6667 -19.245
55.5556 -19.245
50 -28.8675
44.4444 -19.245
33.3333 -19.245
38.8889 -9.6225
33.3333 -4.08216e-15
22.2222 -2.72144e-15
16.6666 -9.62249
11.1111 -1.36072e-15
0 0
