0 0
0.205762 0.35639
7.8399e-07 0.71278
0.411525 0.71278
0.617287 1.06917
0.411526 1.42556
3.07571e-06 1.42556
0.205765 1.78195
4.73872e-06 2.13834
0.411526 2.13834
0.61729 2.49472
0.823048 2.13833
1.23457 2.13833
1.44033 2.49472
1.23457 2.85111
1.6461 2.85111
1.85186 3.2075
1.6461 3.56389
1.23458 3.56389
1.44034 3.92028
1.23458 4.27667
0.823056 4.27667
0.617294 3.92028
0.411533 4.27667
9.11387e-06 4.27667
0.20577 4.63306
1.12277e-05 4.98944
0.411532 4.98944
0.617293 5.34583
0.411532 5.70222
8.31443e-06 5.70222
0.20577 6.05861
9.21616e-06 6.415
0.411533 6.415
0.617295 6.77139
0.823056 6.415
1.23458 6.415
1.44034 6.77139
1.23458 7.12778
1.6461 7.12778
1.85186 7.48417
2.05762 7.12778
2.46914 7.12778
2.26338 6.77139
2.46914 6.415
2.88066 6.415
3.08643 6.77139
3.29219 6.415
3.70371 6.415
3.90947 6.77139
3.70371 7.12778
4.11524 7.12778
4.321 7.48417
4.11524 7.84056
3.70371 7.84056
3.90947 8.19695
3.70371 8.55334
4.11523 8.55334
4.321 8.90972
4.52676 8.55333
4.93828 8.55333
5.14404 8.90972
4.93828 9.26611
5.34981 9.26611
5.55557 9.6225
5.34981 9.9789
4.93828 9.97891
5.14405 10.3353
4.93829 10.6917
4.52677 10.6917
4.321 10.3353
4.11524 10.6917
3.70372 10.6917
3.90948 11.0481
3.70374 11.4044
4.11524 11.4044
4.321 11.7608
4.11524 12.1172
3.70371 12.1172
3.90948 12.4736
3.70372 12.83
3.2922 12.83
3.08643 12.4736
2.88067 12.83
2.46915 12.83
2.26339 12.4736
2.46916 12.1172
2.05763 12.1172
1.85187 11.7608
1.64611 12.1172
1.23458 12.1172
1.44035 12.4736
1.23459 12.83
0.823067 12.83
0.617305 12.4736
0.411543 12.83
1.98416e-05 12.83
0.205781 13.1864
1.00445e-05 13.5428
0.411542 13.5428
0.617303 13.8992
0.411542 14.2556
3.87434e-05 14.2556
0.205781 14.6119
1.96595e-05 14.9683
0.411543 14.9683
0.617305 15.3247
0.823067 14.9683
1.23459 14.9683
1.44035 15.3247
1.23458 15.6811
1.64611 15.6811
1.85187 16.0375
1.64611 16.3939
1.23458 16.3939
1.44035 16.7503
1.23459 17.1067
0.823067 17.1067
0.617305 16.7503
0.411544 17.1067
2.083e-05 17.1067
0.205782 17.4631
4.04062e-05 17.8194
0.411544 17.8194
0.617305 18.1758
0.411544 18.5322
1.23703e-05 18.5322
0.205783 18.8886
2.26485e-05 19.245
0.411545 19.245
0.617306 19.6014
0.823068 19.245
1.23459 19.245
1.44035 19.6014
1.23458 19.9578
1.64611 19.9578
1.85187 20.3142
2.05763 19.9578
2.46916 19.9578
2.26339 19.6014
2.46915 19.245
2.88067 19.245
3.08644 19.6014
3.2922 19.245
3.70372 19.245
3.90948 19.6014
3.70371 19.9578
4.11524 19.9578
4.321 20.3142
4.11524 20.6706
3.70373 20.6706
3.90947 21.0269
3.70371 21.3833
4.11523 21.3833
4.321 21.7397
4.52676 21.3833
4.93828 21.3833
5.14404 21.7397
4.93827 22.0961
5.3498 22.0961
5.55556 22.4525
5.76132 22.0961
6.17285 22.0961
5.96708 21.7397
6.17284 21.3833
6.58436 21.3833
6.79013 21.7397
6.99589 21.3833
7.40741 21.3833
7.20165 21.0269
7.40739 20.6706
6.99589 20.6706
6.79013 20.3142
6.99589 19.9578
7.40742 19.9578
7.20165 19.6014
7.40741 19.245
7.81893 19.245
8.02469 19.6014
8.23045 19.245
8.64197 19.245
8.84773 19.6014
8.64196 19.9578
9.0535 19.9578
9.25926 20.3142
9.46502 19.9578
9.87655 19.9578
9.67078 19.6014
9.87654 19.245
10.2881 19.245
10.4938 19.6014
10.6996 19.245
11.1111 19.245
11.3169 19.6014
11.1111 19.9578
11.5226 19.9578
11.7284 20.3142
11.5226 20.6706
11.1111 20.6706
11.3169 21.0269
11.1111 21.3833
11.5226 21.3833
11.7284 21.7397
11.9342 21.3833
12.3457 21.3833
12.5515 21.7397
12.3457 22.0961
12.7572 22.0961
12.963 22.4525
12.7572 22.8089
12.3457 22.8089
12.5515 23.1653
12.3457 23.5217
11.9342 23.5217
11.7284 23.1653
11.5226 23.5217
11.1111 23.5217
11.3169 23.8781
11.1111 24.2344
11.5226 24.2344
11.7284 24.5908
11.5226 24.9472
11.1111 24.9472
11.3169 25.3036
11.1111 25.66
11.5226 25.66
11.7284 26.0164
11.9342 25.66
12.3457 25.66
12.5515 26.0164
12.3457 26.3728
12.7572 26.3728
12.963 26.7292
13.1687 26.3728
13.5803 26.3728
13.3745 26.0164
13.5802 25.66
13.9917 25.66
14.1975 26.0164
14.4033 25.66
14.8148 25.66
15.0206 26.0164
14.8148 26.3728
15.2263 26.3728
15.4321 26.7292
15.2263 27.0856
14.8148 27.0856
15.0206 27.4419
14.8148 27.7983
15.2263 27.7983
15.4321 28.1547
15.6379 27.7983
16.0494 27.7983
16.2552 28.1547
16.0494 28.5111
16.4609 28.5111
16.6667 28.8675
16.4609 29.2239
16.0494 29.2239
16.2552 29.5803
16.0494 29.9367
15.6379 29.9367
15.4321 29.5803
15.2263 29.9367
14.8148 29.9367
15.0206 30.2931
14.8148 30.6494
15.2263 30.6494
15.4321 31.0058
15.2263 31.3622
14.8148 31.3622
15.0206 31.7186
14.8148 32.075
14.4033 32.075
14.1975 31.7186
13.9917 32.075
13.5802 32.075
13.3744 31.7186
13.5802 31.3622
13.1687 31.3622
12.9629 31.0058
12.7572 31.3622
12.3456 31.3622
12.5514 31.7186
12.3457 32.075
11.9342 32.075
11.7284 31.7186
11.5226 32.075
11.1111 32.075
11.3169 32.4314
11.1111 32.7878
11.5226 32.7878
11.7284 33.1442
11.5226 33.5006
11.1111 33.5006
11.3169 33.8569
11.1111 34.2133
11.5226 34.2133
11.7284 34.5697
11.9342 34.2133
12.3457 34.2133
12.5515 34.5697
12.3457 34.9261
12.7572 34.9261
12.963 35.2825
12.7572 35.6389
12.3457 35.6389
12.5515 35.9953
12.3457 36.3517
11.9342 36.3517
11.7284 35.9953
11.5226 36.3517
11.1111 36.3517
11.3169 36.7081
11.1111 37.0644
11.5226 37.0644
11.7284 37.4208
11.5226 37.7772
11.1111 37.7772
11.3169 38.1336
11.1111 38.49
10.6996 38.49
10.4938 38.1336
10.2881 38.49
9.87654 38.49
9.67078 38.1336
9.87655 37.7772
9.46501 37.7772
9.25925 37.4208
9.05349 37.7772
8.64196 37.7772
8.84773 38.1336
8.64197 38.49
8.23045 38.49
8.02469 38.1336
7.81893 38.49
7.40741 38.49
7.20165 38.1336
7.40742 37.7772
6.99589 37.7772
6.79013 37.4208
6.99589 37.0644
7.40739 37.0644
7.20165 36.7081
7.40741 36.3517
6.99589 36.3517
6.79012 35.9953
6.58436 36.3517
6.17284 36.3517
5.96708 35.9953
6.17285 35.6389
5.76132 35.6389
5.55556 35.2825
5.3498 35.6389
4.93827 35.6389
5.14404 35.9953
4.93828 36.3517
4.52676 36.3517
4.32099 35.9953
4.11523 36.3517
3.70371 36.3517
3.90947 36.7081
3.70373 37.0644
4.11524 37.0644
4.321 37.4208
4.11524 37.7772
3.70371 37.7772
3.90948 38.1336
3.70372 38.49
3.2922 38.49
3.08644 38.1336
2.88068 38.49
2.46916 38.49
2.2634 38.1336
2.46917 37.7772
2.05763 37.7772
1.85187 37.4208
1.64611 37.7772
1.23458 37.7772
1.44035 38.1336
1.23459 38.49
0.82307 38.49
0.61731 38.1336
0.41155 38.49
2.95248e-05 38.49
0.205791 38.8464
1.98861e-05 39.2028
0.411552 39.2028
0.617313 39.5592
0.411552 39.9156
4.86642e-05 39.9156
0.205791 40.2719
2.95011e-05 40.6283
0.411553 40.6283
0.617315 40.9847
0.823077 40.6283
1.2346 40.6283
1.44036 40.9847
1.23459 41.3411
1.64612 41.3411
1.85188 41.6975
1.64612 42.0539
1.23459 42.0539
1.44036 42.4103
1.2346 42.7667
0.823076 42.7667
0.617314 42.4103
0.411553 42.7667
2.89951e-05 42.7667
0.20579 43.1231
4.84888e-05 43.4794
0.411552 43.4794
0.617313 43.8358
0.411552 44.1922
1.95354e-05 44.1922
0.20579 44.5486
2.89786e-05 44.905
0.411553 44.905
0.617315 45.2614
0.823076 44.905
1.2346 44.905
1.44036 45.2614
1.23459 45.6178
1.64612 45.6178
1.85188 45.9742
2.05764 45.6178
2.46917 45.6178
2.2634 45.2614
2.46916 44.905
2.88068 44.905
3.08645 45.2614
3.29221 44.905
3.70373 44.905
3.90949 45.2614
3.70372 45.6178
4.11525 45.6178
4.32101 45.9742
4.11525 46.3306
3.70375 46.3306
3.90949 46.6869
3.70373 47.0433
4.11525 47.0433
4.32102 47.3997
4.52678 47.0433
4.9383 47.0433
5.14406 47.3997
4.93829 47.7561
5.34982 47.7561
5.55558 48.1125
5.34982 48.4689
4.93829 48.4689
5.14406 48.8253
4.9383 49.1817
4.52678 49.1817
4.32101 48.8253
4.11525 49.1817
3.70373 49.1817
3.90949 49.5381
3.70375 49.8944
4.11525 49.8944
4.32101 50.2508
4.11525 50.6072
3.70372 50.6072
3.90949 50.9636
3.70373 51.32
3.29221 51.32
3.08644 50.9636
2.88068 51.32
2.46916 51.32
2.2634 50.9636
2.46917 50.6072
2.05764 50.6072
1.85188 50.2508
1.64612 50.6072
1.23458 50.6072
1.44035 50.9636
1.23459 51.32
0.823067 51.32
0.617306 50.9636
0.411545 51.32
2.24901e-05 51.32
0.205783 51.6764
1.23688e-05 52.0328
0.411544 52.0328
0.617305 52.3892
0.411544 52.7456
4.04055e-05 52.7456
0.205782 53.1019
2.09838e-05 53.4583
0.411544 53.4583
0.617306 53.8147
0.823067 53.4583
1.23459 53.4583
1.44035 53.8147
1.23458 54.1711
1.64611 54.1711
1.85187 54.5275
1.64611 54.8839
1.23458 54.8839
1.44035 55.2403
1.23459 55.5967
0.823066 55.5967
0.617304 55.2403
0.411542 55.5967
1.84785e-05 55.5967
0.20578 55.9531
3.77305e-05 56.3094
0.411541 56.3094
0.617302 56.6658
0.411541 57.0222
8.51879e-06 57.0222
0.205779 57.3786
1.79454e-05 57.735
0.411539 57.735
0.617299 58.0914
0.823059 57.735
1.23458 57.735
1.44034 58.0914
1.23457 58.4478
1.6461 58.4478
1.85186 58.8042
2.05762 58.4478
2.46916 58.4478
2.26339 58.0914
2.46915 57.735
2.88067 57.735
3.08643 58.0914
3.29219 57.735
3.70371 57.735
3.90947 58.0914
3.7037 58.4478
4.11523 58.4478
4.32099 58.8042
4.11523 59.1606
3.70373 59.1606
3.90947 59.5169
3.70371 59.8733
4.11523 59.8733
4.321 60.2297
4.52676 59.8733
4.93828 59.8733
5.14404 60.2297
4.93827 60.5861
5.3498 60.5861
5.55556 60.9425
5.76132 60.5861
6.17285 60.5861
5.96708 60.2297
6.17284 59.8733
6.58436 59.8733
6.79013 60.2297
6.99589 59.8733
7.40741 59.8733
7.20165 59.5169
7.40739 59.1606
6.99589 59.1606
6.79013 58.8042
6.99589 58.4478
7.40742 58.4478
7.20165 58.0914
7.40741 57.735
7.81893 57.735
8.02469 58.0914
8.23045 57.735
8.64197 57.735
8.84773 58.0914
8.64196 58.4478
9.0535 58.4478
9.25926 58.8042
9.46502 58.4478
9.87655 58.4478
9.67078 58.0914
9.87654 57.735
10.2881 57.735
10.4938 58.0914
10.6996 57.735
11.1111 57.735
11.3169 58.0914
11.1111 58.4478
11.5226 58.4478
11.7284 58.8042
11.5226 59.1606
11.1111 59.1606
11.3169 59.5169
11.1111 59.8733
11.5226 59.8733
11.7284 60.2297
11.9342 59.8733
12.3457 59.8733
12.5515 60.2297
12.3457 60.5861
12.7572 60.5861
12.963 60.9425
12.7572 61.2989
12.3457 61.2989
12.5515 61.6553
12.3457 62.0117
11.9342 62.0117
11.7284 61.6553
11.5226 62.0117
11.1111 62.0117
11.3169 62.3681
11.1111 62.7244
11.5226 62.7244
11.7284 63.0808
11.5226 63.4372
11.1111 63.4372
11.3169 63.7936
11.1111 64.15
11.5226 64.15
11.7284 64.5064
11.9342 64.15
12.3457 64.15
12.5515 64.5064
12.3457 64.8628
12.7572 64.8628
12.963 65.2192
13.1687 64.8628
13.5803 64.8628
13.3745 64.5064
13.5802 64.15
13.9917 64.15
14.1975 64.5064
14.4033 64.15
14.8148 64.15
15.0206 64.5064
14.8148 64.8628
15.2263 64.8628
15.4321 65.2192
15.2263 65.5756
14.8148 65.5756
15.0206 65.9319
14.8148 66.2883
15.2263 66.2883
15.4321 66.6447
15.6379 66.2883
16.0494 66.2883
16.2552 66.6447
16.0494 67.0011
16.4609 67.0011
16.6667 67.3575
16.8725 67.0011
17.284 67.0011
17.0782 66.6447
17.284 66.2883
17.6955 66.2883
17.9013 66.6447
18.107 66.2883
18.5185 66.2883
18.3127 65.9319
18.5185 65.5756
18.107 65.5756
17.9012 65.2192
18.107 64.8628
18.5185 64.8628
18.3127 64.5064
18.5185 64.15
18.93 64.15
19.1358 64.5064
19.3416 64.15
19.7531 64.15
19.9589 64.5064
19.7531 64.8628
20.1646 64.8628
20.3704 65.2192
20.5761 64.8628
20.9877 64.8628
20.7819 64.5064
20.9876 64.15
21.3991 64.15
21.6049 64.5064
21.8107 64.15
22.2222 64.15
22.0164 63.7936
22.2222 63.4372
21.8107 63.4372
21.6049 63.0808
21.8107 62.7244
22.2222 62.7244
22.0164 62.3681
22.2222 62.0117
21.8107 62.0117
21.6049 61.6553
21.3992 62.0117
20.9877 62.0117
20.7819 61.6553
20.9877 61.2989
20.5762 61.2989
20.3704 60.9425
20.5762 60.5861
20.9877 60.5861
20.7819 60.2297
20.9877 59.8733
21.3992 59.8733
21.605 60.2297
21.8107 59.8733
22.2222 59.8733
22.0164 59.5169
22.2222 59.1606
21.8107 59.1606
21.6049 58.8042
21.8107 58.4478
22.2222 58.4478
22.0164 58.0914
22.2222 57.735
22.6337 57.735
22.8395 58.0914
23.0453 57.735
23.4568 57.735
23.6626 58.0914
23.4568 58.4478
23.8683 58.4478
24.0741 58.8042
24.2798 58.4478
24.6914 58.4478
24.4856 58.0914
24.6913 57.735
25.1028 57.735
25.3086 58.0914
25.5144 57.735
25.9259 57.735
26.1317 58.0914
25.9259 58.4478
26.3374 58.4478
26.5432 58.8042
26.3374 59.1606
25.9259 59.1606
26.1317 59.5169
25.9259 59.8733
26.3374 59.8733
26.5432 60.2297
26.749 59.8733
27.1605 59.8733
27.3663 60.2297
27.1605 60.5861
27.572 60.5861
27.7778 60.9425
27.9836 60.5861
28.3951 60.5861
28.1893 60.2297
28.3951 59.8733
28.8066 59.8733
29.0124 60.2297
29.2181 59.8733
29.6296 59.8733
29.4238 59.5169
29.6296 59.1606
29.2181 59.1606
29.0123 58.8042
29.2181 58.4478
29.6296 58.4478
29.4238 58.0914
29.6296 57.735
30.0411 57.735
30.2469 58.0914
30.4527 57.735
30.8642 57.735
31.07 58.0914
30.8642 58.4478
31.2757 58.4478
31.4815 58.8042
31.6872 58.4478
32.0988 58.4478
31.893 58.0914
32.0987 57.735
32.5102 57.735
32.716 58.0914
32.9218 57.735
33.3333 57.735
33.5391 58.0914
33.3333 58.4478
33.7448 58.4478
33.9506 58.8042
33.7448 59.1606
33.3333 59.1606
33.5391 59.5169
33.3333 59.8733
33.7448 59.8733
33.9506 60.2297
34.1564 59.8733
34.5679 59.8733
34.7737 60.2297
34.5679 60.5861
34.9794 60.5861
35.1852 60.9425
34.9794 61.2989
34.5679 61.2989
34.7737 61.6553
34.5679 62.0117
34.1564 62.0117
33.9506 61.6553
33.7448 62.0117
33.3333 62.0117
33.5391 62.3681
33.3333 62.7244
33.7448 62.7244
33.9506 63.0808
33.7448 63.4372
33.3333 63.4372
33.5391 63.7936
33.3333 64.15
33.7448 64.15
33.9506 64.5064
34.1564 64.15
34.5679 64.15
34.7737 64.5064
34.5679 64.8628
34.9794 64.8628
35.1852 65.2192
35.3909 64.8628
35.8025 64.8628
35.5967 64.5064
35.8024 64.15
36.2139 64.15
36.4197 64.5064
36.6255 64.15
37.037 64.15
37.2428 64.5064
37.037 64.8628
37.4485 64.8628
37.6543 65.2192
37.4485 65.5756
37.037 65.5756
37.2428 65.9319
37.037 66.2883
37.4485 66.2883
37.6543 66.6447
37.8601 66.2883
38.2716 66.2883
38.4774 66.6447
38.2716 67.0011
38.6831 67.0011
38.8889 67.3575
38.6831 67.7139
38.2716 67.7139
38.4774 68.0703
38.2716 68.4267
37.8601 68.4267
37.6543 68.0703
37.4485 68.4267
37.037 68.4267
37.2428 68.7831
37.037 69.1394
37.4485 69.1394
37.6543 69.4958
37.4485 69.8522
37.037 69.8522
37.2428 70.2086
37.037 70.565
36.6255 70.565
36.4197 70.2086
36.2139 70.565
35.8024 70.565
35.5966 70.2086
35.8024 69.8522
35.3909 69.8522
35.1851 69.4958
34.9794 69.8522
34.5678 69.8522
34.7736 70.2086
34.5679 70.565
34.1564 70.565
33.9506 70.2086
33.7448 70.565
33.3333 70.565
33.5391 70.9214
33.3333 71.2778
33.7448 71.2778
33.9506 71.6342
33.7448 71.9906
33.3333 71.9906
33.5391 72.3469
33.3333 72.7033
33.7448 72.7033
33.9506 73.0597
34.1564 72.7033
34.5679 72.7033
34.7737 73.0597
34.5679 73.4161
34.9794 73.4161
35.1852 73.7725
34.9794 74.1289
34.5679 74.1289
34.7737 74.4853
34.5679 74.8417
34.1564 74.8417
33.9506 74.4853
33.7448 74.8417
33.3333 74.8417
33.5391 75.1981
33.3333 75.5544
33.7448 75.5544
33.9506 75.9108
33.7448 76.2672
33.3333 76.2672
33.5391 76.6236
33.3333 76.98
33.7448 76.98
33.9506 77.3364
34.1564 76.98
34.5679 76.98
34.7737 77.3364
34.5679 77.6928
34.9794 77.6928
35.1852 78.0492
35.3909 77.6928
35.8025 77.6928
35.5967 77.3364
35.8024 76.98
36.2139 76.98
36.4197 77.3364
36.6255 76.98
37.037 76.98
37.2428 77.3364
37.037 77.6928
37.4485 77.6928
37.6543 78.0492
37.4485 78.4056
37.037 78.4056
37.2428 78.7619
37.037 79.1183
37.4485 79.1183
37.6543 79.4747
37.8601 79.1183
38.2716 79.1183
38.4774 79.4747
38.2716 79.8311
38.6831 79.8311
38.8889 80.1875
39.0947 79.8311
39.5062 79.8311
39.3004 79.4747
39.5062 79.1183
39.9177 79.1183
40.1235 79.4747
40.3292 79.1183
40.7407 79.1183
40.5349 78.7619
40.7407 78.4056
40.3292 78.4056
40.1234 78.0492
40.3292 77.6928
40.7407 77.6928
40.5349 77.3364
40.7407 76.98
41.1522 76.98
41.358 77.3364
41.5638 76.98
41.9753 76.98
42.1811 77.3364
41.9753 77.6928
42.3868 77.6928
42.5926 78.0492
42.7983 77.6928
43.2099 77.6928
43.0041 77.3364
43.2098 76.98
43.6213 76.98
43.8271 77.3364
44.0329 76.98
44.4444 76.98
44.6502 77.3364
44.4444 77.6928
44.8559 77.6928
45.0617 78.0492
44.8559 78.4056
44.4444 78.4056
44.6502 78.7619
44.4444 79.1183
44.8559 79.1183
45.0617 79.4747
45.2675 79.1183
45.679 79.1183
45.8848 79.4747
45.679 79.8311
46.0905 79.8311
46.2963 80.1875
46.0905 80.5439
45.679 80.5439
45.8848 80.9003
45.679 81.2567
45.2675 81.2567
45.0617 80.9003
44.8559 81.2567
44.4444 81.2567
44.6502 81.6131
44.4444 81.9694
44.8559 81.9694
45.0617 82.3258
44.8559 82.6822
44.4444 82.6822
44.6502 83.0386
44.4444 83.395
44.8559 83.395
45.0617 83.7514
45.2675 83.395
45.679 83.395
45.8848 83.7514
45.679 84.1078
46.0905 84.1078
46.2963 84.4642
46.502 84.1078
46.9136 84.1078
46.7078 83.7514
46.9135 83.395
47.325 83.395
47.5308 83.7514
47.7366 83.395
48.1481 83.395
48.3539 83.7514
48.1481 84.1078
48.5596 84.1078
48.7654 84.4642
48.5596 84.8206
48.1481 84.8206
48.3539 85.1769
48.1481 85.5333
48.5596 85.5333
48.7654 85.8897
48.9712 85.5333
49.3827 85.5333
49.5885 85.8897
49.3827 86.2461
49.7942 86.2461
50 86.6025
50.2058 86.2461
50.6173 86.2461
50.4115 85.8897
50.6173 85.5333
51.0288 85.5333
51.2346 85.8897
51.4404 85.5333
51.8519 85.5333
51.6461 85.1769
51.8519 84.8206
51.4404 84.8206
51.2346 84.4642
51.4404 84.1078
51.8519 84.1078
51.6461 83.7514
51.8519 83.395
52.2634 83.395
52.4692 83.7514
52.675 83.395
53.0865 83.395
53.2923 83.7514
53.0865 84.1078
53.498 84.1078
53.7038 84.4642
53.9095 84.1078
54.3211 84.1078
54.1153 83.7514
54.321 83.395
54.7325 83.395
54.9383 83.7514
55.1441 83.395
55.5556 83.395
55.3498 83.0386
55.5556 82.6822
55.1441 82.6822
54.9383 82.3258
55.1441 81.9694
55.5556 81.9694
55.3498 81.6131
55.5556 81.2567
55.1441 81.2567
54.9383 80.9003
54.7325 81.2567
54.321 81.2567
54.1152 80.9003
54.321 80.5439
53.9095 80.5439
53.7037 80.1875
53.9095 79.8311
54.321 79.8311
54.1152 79.4747
54.321 79.1183
54.7325 79.1183
54.9383 79.4747
55.1441 79.1183
55.5556 79.1183
55.3498 78.7619
55.5556 78.4056
55.1441 78.4056
54.9383 78.0492
55.1441 77.6928
55.5556 77.6928
55.3498 77.3364
55.5556 76.98
55.9671 76.98
56.1729 77.3364
56.3787 76.98
56.7902 76.98
56.996 77.3364
56.7902 77.6928
57.2017 77.6928
57.4075 78.0492
57.6132 77.6928
58.0248 77.6928
57.819 77.3364
58.0247 76.98
58.4362 76.98
58.642 77.3364
58.8478 76.98
59.2593 76.98
59.4651 77.3364
59.2593 77.6928
59.6708 77.6928
59.8766 78.0492
59.6708 78.4056
59.2593 78.4056
59.4651 78.7619
59.2593 79.1183
59.6708 79.1183
59.8766 79.4747
60.0824 79.1183
60.4939 79.1183
60.6997 79.4747
60.4939 79.8311
60.9054 79.8311
61.1112 80.1875
61.317 79.8311
61.7285 79.8311
61.5227 79.4747
61.7285 79.1183
62.14 79.1183
62.3458 79.4747
62.5515 79.1183
62.963 79.1183
62.7572 78.7619
62.963 78.4056
62.5515 78.4056
62.3457 78.0492
62.5515 77.6928
62.963 77.6928
62.7572 77.3364
62.963 76.98
63.3745 76.98
63.5803 77.3364
63.7861 76.98
64.1976 76.98
64.4034 77.3364
64.1976 77.6928
64.6091 77.6928
64.8149 78.0492
65.0206 77.6928
65.4322 77.6928
65.2264 77.3364
65.4321 76.98
65.8436 76.98
66.0494 77.3364
66.2552 76.98
66.6667 76.98
66.4609 76.6236
66.6667 76.2672
66.2552 76.2672
66.0494 75.9108
66.2552 75.5544
66.6667 75.5544
66.4609 75.1981
66.6667 74.8417
66.2552 74.8417
66.0494 74.4853
65.8436 74.8417
65.4321 74.8417
65.2263 74.4853
65.4321 74.1289
65.0206 74.1289
64.8148 73.7725
65.0206 73.4161
65.4321 73.4161
65.2263 73.0597
65.4321 72.7033
65.8436 72.7033
66.0494 73.0597
66.2552 72.7033
66.6667 72.7033
66.4609 72.3469
66.6667 71.9906
66.2552 71.9906
66.0494 71.6342
66.2552 71.2778
66.6667 71.2778
66.4609 70.9214
66.6667 70.565
66.2552 70.565
66.0494 70.2086
65.8436 70.565
65.4321 70.565
65.2263 70.2086
65.4321 69.8522
65.0206 69.8522
64.8148 69.4958
64.6091 69.8522
64.1975 69.8522
64.4033 70.2086
64.1976 70.565
63.7861 70.565
63.5803 70.2086
63.3745 70.565
62.963 70.565
62.7572 70.2086
62.963 69.8522
62.5515 69.8522
62.3457 69.4958
62.5515 69.1394
62.963 69.1394
62.7572 68.7831
62.963 68.4267
62.5515 68.4267
62.3457 68.0703
62.1399 68.4267
61.7284 68.4267
61.5226 68.0703
61.7284 67.7139
61.3169 67.7139
61.1111 67.3575
61.3169 67.0011
61.7284 67.0011
61.5226 66.6447
61.7284 66.2883
62.1399 66.2883
62.3457 66.6447
62.5515 66.2883
62.963 66.2883
62.7572 65.9319
62.963 65.5756
62.5515 65.5756
62.3457 65.2192
62.5515 64.8628
62.963 64.8628
62.7572 64.5064
62.963 64.15
63.3745 64.15
63.5803 64.5064
63.7861 64.15
64.1976 64.15
64.4034 64.5064
64.1976 64.8628
64.6091 64.8628
64.8149 65.2192
65.0206 64.8628
65.4322 64.8628
65.2264 64.5064
65.4321 64.15
65.8436 64.15
66.0494 64.5064
66.2552 64.15
66.6667 64.15
66.4609 63.7936
66.6667 63.4372
66.2552 63.4372
66.0494 63.0808
66.2552 62.7244
66.6667 62.7244
66.4609 62.3681
66.6667 62.0117
66.2552 62.0117
66.0494 61.6553
65.8436 62.0117
65.4321 62.0117
65.2263 61.6553
65.4321 61.2989
65.0206 61.2989
64.8148 60.9425
65.0206 60.5861
65.4321 60.5861
65.2263 60.2297
65.4321 59.8733
65.8436 59.8733
66.0494 60.2297
66.2552 59.8733
66.6667 59.8733
66.4609 59.5169
66.6667 59.1606
66.2552 59.1606
66.0494 58.8042
66.2552 58.4478
66.6667 58.4478
66.4609 58.0914
66.6667 57.735
67.0782 57.735
67.284 58.0914
67.4898 57.735
67.9013 57.735
68.1071 58.0914
67.9013 58.4478
68.3128 58.4478
68.5186 58.8042
68.7243 58.4478
69.1359 58.4478
68.9301 58.0914
69.1358 57.735
69.5473 57.735
69.7531 58.0914
69.9589 57.735
70.3704 57.735
70.5762 58.0914
70.3704 58.4478
70.7819 58.4478
70.9877 58.8042
70.7819 59.1606
70.3704 59.1606
70.5762 59.5169
70.3704 59.8733
70.7819 59.8733
70.9877 60.2297
71.1935 59.8733
71.605 59.8733
71.8108 60.2297
71.605 60.5861
72.0165 60.5861
72.2223 60.9425
72.4281 60.5861
72.8396 60.5861
72.6338 60.2297
72.8396 59.8733
73.2511 59.8733
73.4569 60.2297
73.6626 59.8733
74.0741 59.8733
73.8683 59.5169
74.0741 59.1606
73.6626 59.1606
73.4568 58.8042
73.6626 58.4478
74.0741 58.4478
73.8683 58.0914
74.0741 57.735
74.4856 57.735
74.6914 58.0914
74.8972 57.735
75.3087 57.735
75.5145 58.0914
75.3087 58.4478
75.7202 58.4478
75.926 58.8042
76.1317 58.4478
76.5433 58.4478
76.3375 58.0914
76.5432 57.735
76.9547 57.735
77.1605 58.0914
77.3663 57.735
77.7778 57.735
77.9836 58.0914
77.7778 58.4478
78.1893 58.4478
78.3951 58.8042
78.1893 59.1606
77.7778 59.1606
77.9836 59.5169
77.7778 59.8733
78.1893 59.8733
78.3951 60.2297
78.6009 59.8733
79.0124 59.8733
79.2182 60.2297
79.0124 60.5861
79.4239 60.5861
79.6297 60.9425
79.4239 61.2989
79.0124 61.2989
79.2182 61.6553
79.0124 62.0117
78.6009 62.0117
78.3951 61.6553
78.1893 62.0117
77.7778 62.0117
77.9836 62.3681
77.7778 62.7244
78.1893 62.7244
78.3951 63.0808
78.1893 63.4372
77.7778 63.4372
77.9836 63.7936
77.7778 64.15
78.1893 64.15
78.3951 64.5064
78.6009 64.15
79.0124 64.15
79.2182 64.5064
79.0124 64.8628
79.4239 64.8628
79.6297 65.2192
79.8354 64.8628
80.247 64.8628
80.0412 64.5064
80.2469 64.15
80.6584 64.15
80.8642 64.5064
81.07 64.15
81.4815 64.15
81.6873 64.5064
81.4815 64.8628
81.893 64.8628
82.0988 65.2192
81.893 65.5756
81.4815 65.5756
81.6873 65.9319
81.4815 66.2883
81.893 66.2883
82.0988 66.6447
82.3046 66.2883
82.7161 66.2883
82.9219 66.6447
82.7161 67.0011
83.1276 67.0011
83.3334 67.3575
83.5392 67.0011
83.9507 67.0011
83.7449 66.6447
83.9507 66.2883
84.3622 66.2883
84.568 66.6447
84.7737 66.2883
85.1852 66.2883
84.9794 65.9319
85.1852 65.5756
84.7737 65.5756
84.5679 65.2192
84.7737 64.8628
85.1852 64.8628
84.9794 64.5064
85.1852 64.15
85.5967 64.15
85.8025 64.5064
86.0083 64.15
86.4198 64.15
86.6256 64.5064
86.4198 64.8628
86.8313 64.8628
87.0371 65.2192
87.2428 64.8628
87.6544 64.8628
87.4486 64.5064
87.6543 64.15
88.0658 64.15
88.2716 64.5064
88.4774 64.15
88.8889 64.15
88.6831 63.7936
88.8889 63.4372
88.4774 63.4372
88.2716 63.0808
88.4774 62.7244
88.8889 62.7244
88.6831 62.3681
88.8889 62.0117
88.4774 62.0117
88.2716 61.6553
88.0659 62.0117
87.6544 62.0117
87.4486 61.6553
87.6544 61.2989
87.2429 61.2989
87.0371 60.9425
87.2429 60.5861
87.6544 60.5861
87.4486 60.2297
87.6544 59.8733
88.0659 59.8733
88.2717 60.2297
88.4774 59.8733
88.8889 59.8733
88.6831 59.5169
88.8889 59.1606
88.4774 59.1606
88.2716 58.8042
88.4774 58.4478
88.8889 58.4478
88.6831 58.0914
88.8889 57.735
89.3004 57.735
89.5062 58.0914
89.712 57.735
90.1235 57.735
90.3293 58.0914
90.1235 58.4478
90.535 58.4478
90.7408 58.8042
90.9465 58.4478
91.3581 58.4478
91.1523 58.0914
91.358 57.735
91.7695 57.735
91.9753 58.0914
92.1811 57.735
92.5926 57.735
92.7984 58.0914
92.5926 58.4478
93.0041 58.4478
93.2099 58.8042
93.0041 59.1606
92.5926 59.1606
92.7984 59.5169
92.5926 59.8733
93.0041 59.8733
93.2099 60.2297
93.4157 59.8733
93.8272 59.8733
94.033 60.2297
93.8272 60.5861
94.2387 60.5861
94.4445 60.9425
94.6503 60.5861
95.0618 60.5861
94.856 60.2297
95.0618 59.8733
95.4733 59.8733
95.6791 60.2297
95.8848 59.8733
96.2963 59.8733
96.0905 59.5169
96.2963 59.1606
95.8848 59.1606
95.679 58.8042
95.8848 58.4478
96.2963 58.4478
96.0905 58.0914
96.2963 57.735
96.7078 57.735
96.9136 58.0914
97.1194 57.735
97.5309 57.735
97.7367 58.0914
97.5309 58.4478
97.9424 58.4478
98.1482 58.8042
98.3539 58.4478
98.7655 58.4478
98.5597 58.0914
98.7654 57.735
99.1769 57.735
99.3827 58.0914
99.5885 57.735
100 57.735
99.7942 57.3786
100 57.0222
99.5885 57.0222
99.3827 56.6658
99.5885 56.3094
100 56.3094
99.7942 55.9531
100 55.5967
99.5885 55.5967
99.3827 55.2403
99.1769 55.5967
98.7654 55.5967
98.5596 55.2403
98.7654 54.8839
98.3539 54.8839
98.1481 54.5275
98.3539 54.1711
98.7654 54.1711
98.5596 53.8147
98.7654 53.4583
99.1769 53.4583
99.3827 53.8147
99.5885 53.4583
100 53.4583
99.7942 53.1019
100 52.7456
99.5885 52.7456
99.3827 52.3892
99.5885 52.0328
100 52.0328
99.7942 51.6764
100 51.32
99.5885 51.32
99.3827 50.9636
99.1769 51.32
98.7654 51.32
98.5596 50.9636
98.7654 50.6072
98.3539 50.6072
98.1481 50.2508
97.9424 50.6072
97.5308 50.6072
97.7366 50.9636
97.5309 51.32
97.1194 51.32
96.9136 50.9636
96.7078 51.32
96.2963 51.32
96.0905 50.9636
96.2963 50.6072
95.8848 50.6072
95.679 50.2508
95.8848 49.8944
96.2963 49.8944
96.0905 49.5381
96.2963 49.1817
95.8848 49.1817
95.679 48.8253
95.4732 49.1817
95.0617 49.1817
94.8559 48.8253
95.0617 48.4689
94.6502 48.4689
94.4444 48.1125
94.6502 47.7561
95.0617 47.7561
94.8559 47.3997
95.0617 47.0433
95.4732 47.0433
95.679 47.3997
95.8848 47.0433
96.2963 47.0433
96.0905 46.6869
96.2963 46.3306
95.8848 46.3306
95.679 45.9742
95.8848 45.6178
96.2963 45.6178
96.0905 45.2614
96.2963 44.905
96.7078 44.905
96.9136 45.2614
97.1194 44.905
97.5309 44.905
97.7367 45.2614
97.5309 45.6178
97.9424 45.6178
98.1482 45.9742
98.3539 45.6178
98.7655 45.6178
98.5597 45.2614
98.7654 44.905
99.1769 44.905
99.3827 45.2614
99.5885 44.905
100 44.905
99.7942 44.5486
100 44.1922
99.5885 44.1922
99.3827 43.8358
99.5885 43.4794
100 43.4794
99.7942 43.1231
100 42.7667
99.5885 42.7667
99.3827 42.4103
99.1769 42.7667
98.7654 42.7667
98.5596 42.4103
98.7654 42.0539
98.3539 42.0539
98.1481 41.6975
98.3539 41.3411
98.7654 41.3411
98.5596 40.9847
98.7654 40.6283
99.1769 40.6283
99.3827 40.9847
99.5885 40.6283
100 40.6283
99.7942 40.2719
100 39.9156
99.5885 39.9156
99.3827 39.5592
99.5885 39.2028
100 39.2028
99.7942 38.8464
100 38.49
99.5885 38.49
99.3827 38.1336
99.1769 38.49
98.7654 38.49
98.5596 38.1336
98.7654 37.7772
98.3539 37.7772
98.1481 37.4208
97.9424 37.7772
97.5308 37.7772
97.7366 38.1336
97.5309 38.49
97.1194 38.49
96.9136 38.1336
96.7078 38.49
96.2963 38.49
96.0905 38.1336
96.2963 37.7772
95.8848 37.7772
95.679 37.4208
95.8848 37.0644
96.2963 37.0644
96.0905 36.7081
96.2963 36.3517
95.8848 36.3517
95.679 35.9953
95.4732 36.3517
95.0617 36.3517
94.8559 35.9953
95.0617 35.6389
94.6502 35.6389
94.4444 35.2825
94.2386 35.6389
93.8271 35.6389
94.0329 35.9953
93.8271 36.3517
93.4156 36.3517
93.2098 35.9953
93.0041 36.3517
92.5926 36.3517
92.7984 36.7081
92.5926 37.0644
93.0041 37.0644
93.2099 37.4208
93.0041 37.7772
92.5926 37.7772
92.7984 38.1336
92.5926 38.49
92.1811 38.49
91.9753 38.1336
91.7695 38.49
91.358 38.49
91.1522 38.1336
91.358 37.7772
90.9465 37.7772
90.7407 37.4208
90.535 37.7772
90.1234 37.7772
90.3292 38.1336
90.1235 38.49
89.712 38.49
89.5062 38.1336
89.3004 38.49
88.8889 38.49
88.6831 38.1336
88.8889 37.7772
88.4774 37.7772
88.2716 37.4208
88.4774 37.0644
88.8889 37.0644
88.6831 36.7081
88.8889 36.3517
88.4774 36.3517
88.2716 35.9953
88.0658 36.3517
87.6543 36.3517
87.4485 35.9953
87.6543 35.6389
87.2428 35.6389
87.037 35.2825
87.2428 34.9261
87.6543 34.9261
87.4485 34.5697
87.6543 34.2133
88.0658 34.2133
88.2716 34.5697
88.4774 34.2133
88.8889 34.2133
88.6831 33.8569
88.8889 33.5006
88.4774 33.5006
88.2716 33.1442
88.4774 32.7878
88.8889 32.7878
88.6831 32.4314
88.8889 32.075
88.4774 32.075
88.2716 31.7186
88.0658 32.075
87.6543 32.075
87.4485 31.7186
87.6543 31.3622
87.2428 31.3622
87.037 31.0058
86.8313 31.3622
86.4197 31.3622
86.6255 31.7186
86.4198 32.075
86.0083 32.075
85.8025 31.7186
85.5967 32.075
85.1852 32.075
84.9794 31.7186
85.1852 31.3622
84.7737 31.3622
84.5679 31.0058
84.7737 30.6494
85.1852 30.6494
84.9794 30.2931
85.1852 29.9367
84.7737 29.9367
84.5679 29.5803
84.3621 29.9367
83.9506 29.9367
83.7448 29.5803
83.9506 29.2239
83.5391 29.2239
83.3333 28.8675
83.5391 28.5111
83.9506 28.5111
83.7448 28.1547
83.9506 27.7983
84.3621 27.7983
84.5679 28.1547
84.7737 27.7983
85.1852 27.7983
84.9794 27.4419
85.1852 27.0856
84.7737 27.0856
84.5679 26.7292
84.7737 26.3728
85.1852 26.3728
84.9794 26.0164
85.1852 25.66
85.5967 25.66
85.8025 26.0164
86.0083 25.66
86.4198 25.66
86.6256 26.0164
86.4198 26.3728
86.8313 26.3728
87.0371 26.7292
87.2428 26.3728
87.6544 26.3728
87.4486 26.0164
87.6543 25.66
88.0658 25.66
88.2716 26.0164
88.4774 25.66
88.8889 25.66
88.6831 25.3036
88.8889 24.9472
88.4774 24.9472
88.2716 24.5908
88.4774 24.2344
88.8889 24.2344
88.6831 23.8781
88.8889 23.5217
88.4774 23.5217
88.2716 23.1653
88.0658 23.5217
87.6543 23.5217
87.4485 23.1653
87.6543 22.8089
87.2428 22.8089
87.037 22.4525
87.2428 22.0961
87.6543 22.0961
87.4485 21.7397
87.6543 21.3833
88.0658 21.3833
88.2716 21.7397
88.4774 21.3833
88.8889 21.3833
88.6831 21.0269
88.8889 20.6706
88.4774 20.6706
88.2716 20.3142
88.4774 19.9578
88.8889 19.9578
88.6831 19.6014
88.8889 19.245
89.3004 19.245
89.5062 19.6014
89.712 19.245
90.1235 19.245
90.3293 19.6014
90.1235 19.9578
90.535 19.9578
90.7408 20.3142
90.9465 19.9578
91.3581 19.9578
91.1523 19.6014
91.358 19.245
91.7695 19.245
91.9753 19.6014
92.1811 19.245
92.5926 19.245
92.7984 19.6014
92.5926 19.9578
93.0041 19.9578
93.2099 20.3142
93.0041 20.6706
92.5926 20.6706
92.7984 21.0269
92.5926 21.3833
93.0041 21.3833
93.2099 21.7397
93.4157 21.3833
93.8272 21.3833
94.033 21.7397
93.8272 22.0961
94.2387 22.0961
94.4445 22.4525
94.6503 22.0961
95.0618 22.0961
94.856 21.7397
95.0618 21.3833
95.4733 21.3833
95.6791 21.7397
95.8848 21.3833
96.2963 21.3833
96.0905 21.0269
96.2963 20.6706
95.8848 20.6706
95.679 20.3142
95.8848 19.9578
96.2963 19.9578
96.0905 19.6014
96.2963 19.245
96.7078 19.245
96.9136 19.6014
97.1194 19.245
97.5309 19.245
97.7367 19.6014
97.5309 19.9578
97.9424 19.9578
98.1482 20.3142
98.3539 19.9578
98.7655 19.9578
98.5597 19.6014
98.7654 19.245
99.1769 19.245
99.3827 19.6014
99.5885 19.245
100 19.245
99.7942 18.8886
100 18.5322
99.5885 18.5322
99.3827 18.1758
99.5885 17.8194
100 17.8194
99.7942 17.4631
100 17.1067
99.5885 17.1067
99.3827 16.7503
99.1769 17.1067
98.7654 17.1067
98.5596 16.7503
98.7654 16.3939
98.3539 16.3939
98.1481 16.0375
98.3539 15.6811
98.7654 15.6811
98.5596 15.3247
98.7654 14.9683
99.1769 14.9683
99.3827 15.3247
99.5885 14.9683
100 14.9683
99.7942 14.6119
100 14.2556
99.5885 14.2556
99.3827 13.8992
99.5885 13.5428
100 13.5428
99.7942 13.1864
100 12.83
99.5885 12.83
99.3827 12.4736
99.1769 12.83
98.7654 12.83
98.5596 12.4736
98.7654 12.1172
98.3539 12.1172
98.1481 11.7608
97.9424 12.1172
97.5308 12.1172
97.7366 12.4736
97.5309 12.83
97.1194 12.83
96.9136 12.4736
96.7078 12.83
96.2963 12.83
96.0905 12.4736
96.2963 12.1172
95.8848 12.1172
95.679 11.7608
95.8848 11.4044
96.2963 11.4044
96.0905 11.0481
96.2963 10.6917
95.8848 10.6917
95.679 10.3353
95.4732 10.6917
95.0617 10.6917
94.8559 10.3353
95.0617 9.9789
94.6502 9.9789
94.4444 9.6225
94.6502 9.26611
95.0617 9.26611
94.8559 8.90972
95.0617 8.55333
95.4732 8.55334
95.679 8.90974
95.8848 8.55334
96.2963 8.55335
96.0905 8.19696
96.2963 7.84056
95.8848 7.84056
95.679 7.48417
95.8848 7.12778
96.2963 7.12778
96.0905 6.77139
96.2963 6.415
96.7078 6.415
96.9136 6.7714
97.1194 6.415
97.5309 6.415
97.7366 6.77139
97.5309 7.12776
97.9424 7.12778
98.1481 7.48417
98.3539 7.12778
98.7654 7.12779
98.5596 6.7714
98.7654 6.41501
99.1769 6.41501
99.3827 6.77141
99.5885 6.41501
100 6.41501
99.7942 6.05862
100 5.70223
99.5885 5.70223
99.3827 5.34584
99.5885 4.98945
100 4.98945
99.7942 4.63305
100 4.27666
99.5885 4.27666
99.3827 3.92027
99.1769 4.27667
98.7654 4.27667
98.5596 3.92028
98.7654 3.56389
98.3539 3.56389
98.1481 3.2075
98.3539 2.85111
98.7654 2.85111
98.5596 2.49472
98.7654 2.13833
99.1769 2.13834
99.3827 2.49474
99.5885 2.13834
100 2.13835
99.7942 1.78196
100 1.42556
99.5885 1.42556
99.3827 1.06917
99.5885 0.71278
100 0.712784
99.7942 0.35639
100 0
99.5885 5.03983e-17
99.3827 -0.356398
99.1769 1.00793e-16
98.7654 1.51191e-16
98.5596 -0.35639
98.7654 -0.712784
98.3539 -0.71278
98.1481 -1.06917
97.9424 -0.71278
97.5309 -0.712755
97.7366 -0.35639
97.5309 3.02381e-16
97.1194 3.52779e-16
96.9136 -0.356398
96.7078 4.03174e-16
96.2963 4.53572e-16
96.0905 -0.35639
96.2963 -0.712784
95.8848 -0.71278
95.679 -1.06917
95.8848 -1.42556
96.2963 -1.42556
96.0905 -1.78196
96.2963 -2.13835
95.8848 -2.13834
95.679 -2.49474
95.4732 -2.13834
95.0617 -2.13833
94.8559 -2.49472
95.0617 -2.85111
94.6502 -2.85111
94.4444 -3.2075
94.2386 -2.85111
93.8271 -2.85111
94.0329 -2.49472
93.8271 -2.13833
93.4156 -2.13833
93.2098 -2.49469
93.0041 -2.13832
92.5926 -2.13832
92.7984 -1.78194
92.5926 -1.42555
93.0041 -1.42555
93.2099 -1.06917
93.0041 -0.71278
92.5926 -0.712784
92.7984 -0.35639
92.5926 9.07148e-16
92.1811 9.57546e-16
91.9753 -0.356398
91.7695 1.00794e-15
91.358 1.05834e-15
91.1522 -0.35639
91.358 -0.712784
90.9465 -0.71278
90.7407 -1.06917
90.535 -0.71278
90.1235 -0.712755
90.3292 -0.35639
90.1235 1.20953e-15
89.712 1.25993e-15
89.5062 -0.356398
89.3004 1.31032e-15
88.8889 1.36072e-15
88.6831 -0.35639
88.8889 -0.712784
88.4774 -0.71278
88.2716 -1.06917
88.4774 -1.42556
88.8889 -1.42556
88.6831 -1.78196
88.8889 -2.13835
88.4774 -2.13834
88.2716 -2.49474
88.0658 -2.13834
87.6543 -2.13833
87.4485 -2.49472
87.6543 -2.85111
87.2428 -2.85111
87.037 -3.2075
87.2428 -3.56389
87.6543 -3.56389
87.4485 -3.92028
87.6543 -4.27667
88.0658 -4.27667
88.2716 -3.92027
88.4774 -4.27666
88.8889 -4.27666
88.6831 -4.63305
88.8889 -4.98945
88.4774 -4.98945
88.2716 -5.34584
88.4774 -5.70223
88.8889 -5.70223
88.6831 -6.05862
88.8889 -6.41501
88.4774 -6.41501
88.2716 -6.7714
88.0658 -6.415
87.6543 -6.415
87.4485 -6.77139
87.6543 -7.12778
87.2428 -7.12778
87.037 -7.48417
86.8313 -7.12778
86.4198 -7.12776
86.6255 -6.77139
86.4198 -6.415
86.0083 -6.415
85.8025 -6.77139
85.5967 -6.41499
85.1852 -6.41499
84.9794 -6.77138
85.1852 -7.12777
84.7737 -7.12777
84.5679 -7.48416
84.7737 -7.84055
85.1852 -7.84055
84.9794 -8.19695
85.1852 -8.55334
84.7737 -8.55333
84.5679 -8.90973
84.3621 -8.55333
83.9506 -8.55332
83.7448 -8.90971
83.9506 -9.2661
83.5391 -9.2661
83.3333 -9.62249
83.1275 -9.2661
82.716 -9.2661
82.9218 -8.90971
82.716 -8.55332
82.3045 -8.55332
82.0987 -8.90968
81.893 -8.55331
81.4815 -8.55331
81.6873 -8.19693
81.4815 -7.84054
81.893 -7.84054
82.0988 -7.48416
81.893 -7.12777
81.4815 -7.12777
81.6873 -6.77138
81.4815 -6.41499
81.07 -6.41499
80.8642 -6.77139
80.6584 -6.41499
80.2469 -6.41499
80.0411 -6.77138
80.2469 -7.12777
79.8354 -7.12776
79.6296 -7.48415
79.4239 -7.12776
79.0124 -7.12774
79.2181 -6.77137
79.0124 -6.41498
78.6009 -6.41498
78.3951 -6.77138
78.1893 -6.41498
77.7778 -6.41498
77.9836 -6.05859
77.7778 -5.7022
78.1893 -5.70221
78.3951 -5.34582
78.1893 -4.98944
77.7778 -4.98944
77.9836 -4.63305
77.7778 -4.27667
78.1893 -4.27667
78.395 -3.9203
78.6008 -4.27666
79.0123 -4.27666
79.2181 -3.92027
79.0123 -3.56388
79.4238 -3.56389
79.6296 -3.2075
79.4238 -2.85111
79.0123 -2.85111
79.2181 -2.49472
79.0123 -2.13833
78.6008 -2.13833
78.395 -2.49469
78.1893 -2.13832
77.7778 -2.13832
77.9836 -1.78194
77.7778 -1.42555
78.1893 -1.42555
78.3951 -1.06917
78.1893 -0.71278
77.7778 -0.712784
77.9836 -0.35639
77.7778 2.72144e-15
77.3663 2.77184e-15
77.1605 -0.356398
76.9547 2.82223e-15
76.5432 2.87263e-15
76.3374 -0.35639
76.5432 -0.712784
76.1317 -0.71278
75.9259 -1.06917
75.7202 -0.71278
75.3087 -0.712755
75.5144 -0.35639
75.3087 3.02382e-15
74.8972 3.07422e-15
74.6914 -0.356398
74.4856 3.12461e-15
74.0741 3.17501e-15
73.8683 -0.35639
74.0741 -0.712784
73.6626 -0.71278
73.4568 -1.06917
73.6626 -1.42556
74.0741 -1.42556
73.8683 -1.78196
74.0741 -2.13835
73.6626 -2.13834
73.4568 -2.49474
73.251 -2.13834
72.8395 -2.13833
72.6337 -2.49472
72.8395 -2.85111
72.428 -2.85111
72.2222 -3.2075
72.0164 -2.85111
71.6049 -2.85111
71.8107 -2.49472
71.6049 -2.13833
71.1934 -2.13833
70.9876 -2.49469
70.7819 -2.13832
70.3704 -2.13832
70.5762 -1.78194
70.3704 -1.42555
70.7819 -1.42555
70.9877 -1.06917
70.7819 -0.71278
70.3704 -0.712784
70.5762 -0.35639
70.3704 3.62859e-15
69.9589 3.67899e-15
69.7531 -0.356398
69.5473 3.72938e-15
69.1358 3.77978e-15
68.93 -0.35639
69.1358 -0.712784
68.7243 -0.71278
68.5185 -1.06917
68.3128 -0.71278
67.9013 -0.712755
68.107 -0.35639
67.9013 3.93097e-15
67.4898 3.98137e-15
67.284 -0.356398
67.0782 4.03176e-15
66.6667 4.08216e-15
66.4609 -0.35639
66.6667 -0.712784
66.2552 -0.71278
66.0494 -1.06917
66.2552 -1.42556
66.6667 -1.42556
66.4609 -1.78196
66.6667 -2.13835
66.2552 -2.13834
66.0494 -2.49474
65.8436 -2.13834
65.4321 -2.13833
65.2263 -2.49472
65.4321 -2.85111
65.0206 -2.85111
64.8148 -3.2075
65.0206 -3.56389
65.4321 -3.56389
65.2263 -3.92028
65.4321 -4.27667
65.8436 -4.27667
66.0494 -3.92027
66.2552 -4.27666
66.6667 -4.27666
66.4609 -4.63305
66.6667 -4.98945
66.2552 -4.98945
66.0494 -5.34584
66.2552 -5.70223
66.6667 -5.70223
66.4609 -6.05862
66.6667 -6.41501
66.2552 -6.41501
66.0494 -6.77141
65.8436 -6.41501
65.4321 -6.41501
65.2263 -6.7714
65.4321 -7.12779
65.0206 -7.12778
64.8148 -7.48417
64.6091 -7.12778
64.1976 -7.12776
64.4033 -6.77139
64.1976 -6.415
63.7861 -6.415
63.5803 -6.7714
63.3745 -6.415
62.963 -6.415
62.7572 -6.77139
62.963 -7.12778
62.5515 -7.12778
62.3457 -7.48417
62.5515 -7.84056
62.963 -7.84056
62.7572 -8.19696
62.963 -8.55335
62.5515 -8.55334
62.3457 -8.90974
62.1399 -8.55334
61.7284 -8.55333
61.5226 -8.90972
61.7284 -9.26611
61.3169 -9.26611
61.1111 -9.6225
61.3169 -9.9789
61.7284 -9.9789
61.5226 -10.3353
61.7284 -10.6917
62.1399 -10.6917
62.3457 -10.3353
62.5515 -10.6917
62.963 -10.6917
62.7572 -11.0481
62.963 -11.4044
62.5515 -11.4044
62.3457 -11.7608
62.5515 -12.1172
62.963 -12.1172
62.7572 -12.4736
62.963 -12.83
63.3745 -12.83
63.5803 -12.4736
63.7861 -12.83
64.1976 -12.83
64.4034 -12.4736
64.1976 -12.1172
64.6091 -12.1172
64.8149 -11.7608
65.0206 -12.1172
65.4322 -12.1172
65.2264 -12.4736
65.4321 -12.83
65.8436 -12.83
66.0494 -12.4736
66.2552 -12.83
66.6667 -12.83
66.4609 -13.1864
66.6667 -13.5428
66.2552 -13.5428
66.0494 -13.8992
66.2552 -14.2556
66.6667 -14.2556
66.4609 -14.6119
66.6667 -14.9683
66.2552 -14.9683
66.0494 -15.3247
65.8436 -14.9683
65.4321 -14.9683
65.2263 -15.3247
65.4321 -15.6811
65.0206 -15.6811
64.8148 -16.0375
65.0206 -16.3939
65.4321 -16.3939
65.2263 -16.7503
65.4321 -17.1067
65.8436 -17.1067
66.0494 -16.7503
66.2552 -17.1067
66.6667 -17.1067
66.4609 -17.4631
66.6667 -17.8194
66.2552 -17.8194
66.0494 -18.1758
66.2552 -18.5322
66.6667 -18.5322
66.4609 -18.8886
66.6667 -19.245
66.2552 -19.245
66.0494 -19.6014
65.8436 -19.245
65.4321 -19.245
65.2263 -19.6014
65.4321 -19.9578
65.0206 -19.9578
64.8148 -20.3142
64.6091 -19.9578
64.1975 -19.9578
64.4033 -19.6014
64.1976 -19.245
63.7861 -19.245
63.5803 -19.6014
63.3745 -19.245
62.963 -19.245
62.7572 -19.6014
62.963 -19.9578
62.5515 -19.9578
62.3457 -20.3142
62.5515 -20.6706
62.963 -20.6706
62.7572 -21.0269
62.963 -21.3833
62.5515 -21.3833
62.3457 -21.7397
62.1399 -21.3833
61.7284 -21.3833
61.5226 -21.7397
61.7284 -22.0961
61.3169 -22.0961
61.1111 -22.4525
60.9053 -22.0961
60.4938 -22.0961
60.6996 -21.7397
60.4938 -21.3833
60.0823 -21.3833
59.8765 -21.7397
59.6708 -21.3833
59.2593 -21.3833
59.4651 -21.0269
59.2593 -20.6706
59.6708 -20.6706
59.8766 -20.3142
59.6708 -19.9578
59.2593 -19.9578
59.4651 -19.6014
59.2593 -19.245
58.8478 -19.245
58.642 -19.6014
58.4362 -19.245
58.0247 -19.245
57.8189 -19.6014
58.0247 -19.9578
57.6132 -19.9578
57.4074 -20.3142
57.2017 -19.9578
56.7901 -19.9578
56.9959 -19.6014
56.7902 -19.245
56.3787 -19.245
56.1729 -19.6014
55.9671 -19.245
55.5556 -19.245
55.3498 -19.6014
55.5556 -19.9578
55.1441 -19.9578
54.9383 -20.3142
55.1441 -20.6706
55.5556 -20.6706
55.3498 -21.0269
55.5556 -21.3833
55.1441 -21.3833
54.9383 -21.7397
54.7325 -21.3833
54.321 -21.3833
54.1152 -21.7397
54.321 -22.0961
53.9095 -22.0961
53.7037 -22.4525
53.9095 -22.8089
54.321 -22.8089
54.1152 -23.1653
54.321 -23.5217
54.7325 -23.5217
54.9383 -23.1653
55.1441 -23.5217
55.5556 -23.5217
55.3498 -23.8781
55.5556 -24.2344
55.1441 -24.2344
54.9383 -24.5908
55.1441 -24.9472
55.5556 -24.9472
55.3498 -25.3036
55.5556 -25.66
55.1441 -25.66
54.9383 -26.0164
54.7325 -25.66
54.321 -25.66
54.1152 -26.0164
54.321 -26.3728
53.9095 -26.3728
53.7037 -26.7292
53.498 -26.3728
53.0864 -26.3728
53.2922 -26.0164
53.0865 -25.66
52.675 -25.66
52.4692 -26.0164
52.2634 -25.66
51.8519 -25.66
51.6461 -26.0164
51.8519 -26.3728
51.4404 -26.3728
51.2346 -26.7292
51.4404 -27.0856
51.8519 -27.0856
51.6461 -27.4419
51.8519 -27.7983
51.4404 -27.7983
51.2346 -28.1547
51.0288 -27.7983
50.6173 -27.7983
50.4115 -28.1547
50.6173 -28.5111
50.2058 -28.5111
50 -28.8675
49.7942 -28.5111
49.3827 -28.5111
49.5885 -28.1547
49.3827 -27.7983
48.9712 -27.7983
48.7654 -28.1547
48.5596 -27.7983
48.1481 -27.7983
48.3539 -27.4419
48.1481 -27.0856
48.5596 -27.0856
48.7654 -26.7292
48.5596 -26.3728
48.1481 -26.3728
48.3539 -26.0164
48.1481 -25.66
47.7366 -25.66
47.5308 -26.0164
47.325 -25.66
46.9135 -25.66
46.7077 -26.0164
46.9135 -26.3728
46.502 -26.3728
46.2962 -26.7292
46.0905 -26.3728
45.6789 -26.3728
45.8847 -26.0164
45.679 -25.66
45.2675 -25.66
45.0617 -26.0164
44.8559 -25.66
44.4444 -25.66
44.6502 -25.3036
44.4444 -24.9472
44.8559 -24.9472
45.0617 -24.5908
44.8559 -24.2344
44.4444 -24.2344
44.6502 -23.8781
44.4444 -23.5217
44.8559 -23.5217
45.0617 -23.1653
45.2675 -23.5217
45.679 -23.5217
45.8848 -23.1653
45.679 -22.8089
46.0905 -22.8089
46.2963 -22.4525
46.0905 -22.0961
45.679 -22.0961
45.8848 -21.7397
45.679 -21.3833
45.2675 -21.3833
45.0617 -21.7397
44.8559 -21.3833
44.4444 -21.3833
44.6502 -21.0269
44.4444 -20.6706
44.8559 -20.6706
45.0617 -20.3142
44.8559 -19.9578
44.4444 -19.9578
44.6502 -19.6014
44.4444 -19.245
44.0329 -19.245
43.8271 -19.6014
43.6213 -19.245
43.2098 -19.245
43.004 -19.6014
43.2098 -19.9578
42.7983 -19.9578
42.5925 -20.3142
42.3868 -19.9578
41.9752 -19.9578
42.181 -19.6014
41.9753 -19.245
41.5638 -19.245
41.358 -19.6014
41.1522 -19.245
40.7407 -19.245
40.5349 -19.6014
40.7407 -19.9578
40.3292 -19.9578
40.1234 -20.3142
40.3292 -20.6706
40.7407 -20.6706
40.5349 -21.0269
40.7407 -21.3833
40.3292 -21.3833
40.1234 -21.7397
39.9176 -21.3833
39.5061 -21.3833
39.3003 -21.7397
39.5061 -22.0961
39.0946 -22.0961
38.8888 -22.4525
38.683 -22.0961
38.2715 -22.0961
38.4773 -21.7397
38.2715 -21.3833
37.86 -21.3833
37.6542 -21.7397
37.4485 -21.3833
37.037 -21.3833
37.2428 -21.0269
37.037 -20.6706
37.4485 -20.6706
37.6543 -20.3142
37.4485 -19.9578
37.037 -19.9578
37.2428 -19.6014
37.037 -19.245
36.6255 -19.245
36.4197 -19.6014
36.2139 -19.245
35.8024 -19.245
35.5966 -19.6014
35.8024 -19.9578
35.3909 -19.9578
35.1851 -20.3142
34.9794 -19.9578
34.5678 -19.9578
34.7736 -19.6014
34.5679 -19.245
34.1564 -19.245
33.9506 -19.6014
33.7448 -19.245
33.3333 -19.245
33.5391 -18.8886
33.3333 -18.5322
33.7448 -18.5322
33.9506 -18.1758
33.7448 -17.8194
33.3333 -17.8194
33.5391 -17.4631
33.3333 -17.1067
33.7448 -17.1067
33.9506 -16.7503
34.1564 -17.1067
34.5679 -17.1067
34.7737 -16.7503
34.5679 -16.3939
34.9794 -16.3939
35.1852 -16.0375
34.9794 -15.6811
34.5679 -15.6811
34.7737 -15.3247
34.5679 -14.9683
34.1564 -14.9683
33.9506 -15.3247
33.7448 -14.9683
33.3333 -14.9683
33.5391 -14.6119
33.3333 -14.2556
33.7448 -14.2556
33.9506 -13.8992
33.7448 -13.5428
33.3333 -13.5428
33.5391 -13.1864
33.3333 -12.83
33.7448 -12.83
33.9506 -12.4736
34.1564 -12.83
34.5679 -12.83
34.7737 -12.4736
34.5679 -12.1172
34.9794 -12.1172
35.1852 -11.7608
35.3909 -12.1172
35.8025 -12.1172
35.5967 -12.4736
35.8024 -12.83
36.2139 -12.83
36.4197 -12.4736
36.6255 -12.83
37.037 -12.83
37.2428 -12.4736
37.037 -12.1172
37.4485 -12.1172
37.6543 -11.7608
37.4485 -11.4044
37.037 -11.4044
37.2428 -11.0481
37.037 -10.6917
37.4485 -10.6917
37.6543 -10.3353
37.8601 -10.6917
38.2716 -10.6917
38.4774 -10.3353
38.2716 -9.9789
38.6831 -9.9789
38.8889 -9.6225
38.6831 -9.26611
38.2716 -9.26611
38.4774 -8.90972
38.2716 -8.55333
37.8601 -8.55334
37.6543 -8.90974
37.4485 -8.55334
37.037 -8.55335
37.2428 -8.19696
37.037 -7.84056
37.4485 -7.84056
37.6543 -7.48417
37.4485 -7.12778
37.037 -7.12778
37.2428 -6.77139
37.037 -6.415
36.6255 -6.415
36.4197 -6.7714
36.2139 -6.415
35.8024 -6.415
35.5967 -6.77139
35.8024 -7.12776
35.3909 -7.12778
35.1852 -7.48417
34.9794 -7.12778
34.5679 -7.12779
34.7737 -6.7714
34.5679 -6.41501
34.1564 -6.41501
33.9506 -6.77141
33.7448 -6.41501
33.3333 -6.41501
33.5391 -6.05862
33.3333 -5.70223
33.7448 -5.70223
33.9506 -5.34584
33.7448 -4.98945
33.3333 -4.98945
33.5391 -4.63305
33.3333 -4.27666
33.7448 -4.27666
33.9506 -3.92027
34.1564 -4.27667
34.5679 -4.27667
34.7737 -3.92028
34.5679 -3.56389
34.9794 -3.56389
35.1852 -3.2075
34.9794 -2.85111
34.5679 -2.85111
34.7737 -2.49472
34.5679 -2.13833
34.1564 -2.13834
33.9506 -2.49474
33.7448 -2.13834
33.3333 -2.13835
33.5391 -1.78196
33.3333 -1.42556
33.7448 -1.42556
33.9506 -1.06917
33.7448 -0.71278
33.3333 -0.712784
33.5391 -0.35639
33.3333 -4.08216e-15
32.9218 -4.03176e-15
32.716 -0.356398
32.5102 -3.98137e-15
32.0987 -3.93097e-15
31.8929 -0.35639
32.0987 -0.712784
31.6872 -0.71278
31.4814 -1.06917
31.2757 -0.71278
30.8642 -0.712755
31.0699 -0.35639
30.8642 -3.77978e-15
30.4527 -3.72938e-15
30.2469 -0.356398
30.0411 -3.67899e-15
29.6296 -3.62859e-15
29.4238 -0.35639
29.6296 -0.712784
29.2181 -0.71278
29.0123 -1.06917
29.2181 -1.42556
29.6296 -1.42556
29.4238 -1.78196
29.6296 -2.13835
29.2181 -2.13834
29.0123 -2.49474
28.8065 -2.13834
28.395 -2.13833
28.1892 -2.49472
28.395 -2.85111
27.9835 -2.85111
27.7777 -3.2075
27.5719 -2.85111
27.1604 -2.85111
27.3662 -2.49472
27.1604 -2.13833
26.7489 -2.13833
26.5431 -2.49469
26.3374 -2.13832
25.9259 -2.13832
26.1317 -1.78194
25.9259 -1.42555
26.3374 -1.42555
26.5432 -1.06917
26.3374 -0.71278
25.9259 -0.712784
26.1317 -0.35639
25.9259 -3.17501e-15
25.5144 -3.12461e-15
25.3086 -0.356398
25.1028 -3.07422e-15
24.6913 -3.02382e-15
24.4855 -0.35639
24.6913 -0.712784
24.2798 -0.71278
24.074 -1.06917
23.8683 -0.71278
23.4568 -0.712755
23.6625 -0.35639
23.4568 -2.87263e-15
23.0453 -2.82223e-15
22.8395 -0.356398
22.6337 -2.77184e-15
22.2222 -2.72144e-15
22.0164 -0.35639
22.2222 -0.712784
21.8107 -0.71278
21.6049 -1.06917
21.8107 -1.42556
22.2222 -1.42556
22.0164 -1.78196
22.2222 -2.13835
21.8107 -2.13834
21.6049 -2.49474
21.3991 -2.13834
20.9876 -2.13833
20.7818 -2.49472
20.9876 -2.85111
20.5761 -2.85111
20.3703 -3.2075
20.5761 -3.56389
20.9876 -3.56389
20.7818 -3.92028
20.9876 -4.27667
21.3991 -4.27667
21.6049 -3.92027
21.8107 -4.27666
22.2222 -4.27666
22.0164 -4.63305
22.2222 -4.98945
21.8107 -4.98945
21.6049 -5.34584
21.8107 -5.70223
22.2222 -5.70223
22.0164 -6.05862
22.2222 -6.41501
21.8107 -6.41501
21.6049 -6.7714
21.3991 -6.415
20.9876 -6.415
20.7818 -6.77139
20.9876 -7.12778
20.5761 -7.12778
20.3703 -7.48417
20.1646 -7.12778
19.7531 -7.12776
19.9588 -6.77139
19.7531 -6.415
19.3416 -6.415
19.1358 -6.77139
18.93 -6.41499
18.5185 -6.41499
18.3127 -6.77138
18.5185 -7.12777
18.107 -7.12777
17.9012 -7.48416
18.107 -7.84055
18.5185 -7.84055
18.3127 -8.19695
18.5185 -8.55334
18.107 -8.55333
17.9012 -8.90973
17.6954 -8.55333
17.2839 -8.55332
17.0781 -8.90971
17.2839 -9.2661
16.8724 -9.2661
16.6666 -9.62249
16.4608 -9.2661
16.0493 -9.2661
16.2551 -8.90971
16.0493 -8.55332
15.6378 -8.55332
15.432 -8.90968
15.2263 -8.55331
14.8148 -8.55331
15.0206 -8.19693
14.8148 -7.84054
15.2263 -7.84054
15.4321 -7.48416
15.2263 -7.12777
14.8148 -7.12777
15.0206 -6.77138
14.8148 -6.41499
14.4033 -6.41499
14.1975 -6.77139
13.9917 -6.41499
13.5802 -6.41499
13.3744 -6.77138
13.5802 -7.12777
13.1687 -7.12776
12.9629 -7.48415
12.7572 -7.12776
12.3457 -7.12774
12.5514 -6.77137
12.3457 -6.41498
11.9342 -6.41498
11.7284 -6.77138
11.5226 -6.41498
11.1111 -6.41498
11.3169 -6.05859
11.1111 -5.7022
11.5226 -5.70221
11.7284 -5.34582
11.5226 -4.98944
11.1111 -4.98944
11.3169 -4.63305
11.1111 -4.27667
11.5226 -4.27667
11.7283 -3.9203
11.9341 -4.27666
12.3456 -4.27666
12.5514 -3.92027
12.3456 -3.56388
12.7571 -3.56389
12.9629 -3.2075
12.7571 -2.85111
12.3456 -2.85111
12.5514 -2.49472
12.3456 -2.13833
11.9341 -2.13833
11.7283 -2.49469
11.5226 -2.13832
11.1111 -2.13832
11.3169 -1.78194
11.1111 -1.42555
11.5226 -1.42555
11.7284 -1.06917
11.5226 -0.71278
11.1111 -0.712784
11.3169 -0.35639
11.1111 -1.36072e-15
10.6996 -1.31032e-15
10.4938 -0.35639
10.2881 -1.25993e-15
9.87653 -1.20953e-15
9.67077 -0.35639
9.87653 -0.712778
9.46501 -0.71278
9.25925 -1.06917
9.05349 -0.71278
8.64197 -0.712778
8.84773 -0.35639
8.64197 -1.05834e-15
8.23045 -1.00794e-15
8.02468 -0.35639
7.81892 -9.57545e-16
7.4074 -9.07148e-16
7.20164 -0.35639
7.4074 -0.712778
6.99588 -0.71278
6.79012 -1.06917
6.99588 -1.42556
7.4074 -1.42556
7.20164 -1.78194
7.4074 -2.13833
6.99588 -2.13833
6.79011 -2.49472
6.58435 -2.13833
6.17283 -2.13833
5.96707 -2.49472
6.17283 -2.85111
5.76131 -2.85111
5.55555 -3.2075
5.34979 -2.85111
4.93827 -2.85111
5.14403 -2.49472
4.93827 -2.13833
4.52675 -2.13833
4.32098 -2.49472
4.11522 -2.13833
3.7037 -2.13833
3.90946 -1.78194
3.7037 -1.42556
4.11522 -1.42556
4.32098 -1.06917
4.11522 -0.71278
3.7037 -0.712778
3.90946 -0.35639
3.7037 -4.53572e-16
3.29218 -4.03175e-16
3.08641 -0.35639
2.88065 -3.52778e-16
2.46913 -3.02381e-16
2.26337 -0.35639
2.46913 -0.712778
2.05761 -0.71278
1.85185 -1.06917
1.64609 -0.71278
1.23457 -0.712778
1.44033 -0.35639
1.23457 -1.51191e-16
0.823047 -1.00794e-16
0.617285 -0.35639
0.411523 -5.03971e-17
0 0
