0 0
0.617287 1.06917
4.73872e-06 2.13834
1.23457 2.13833
1.85186 3.2075
1.23458 4.27667
9.11387e-06 4.27667
0.617293 5.34583
9.21616e-06 6.415
1.23458 6.415
1.85186 7.48417
2.46914 6.415
3.70371 6.415
4.321 7.48417
3.70371 8.55334
4.93828 8.55333
5.55557 9.6225
4.93829 10.6917
3.70372 10.6917
4.321 11.7608
3.70372 12.83
2.46915 12.83
1.85187 11.7608
1.23459 12.83
1.98416e-05 12.83
0.617303 13.8992
1.96595e-05 14.9683
1.23459 14.9683
1.85187 16.0375
1.23459 17.1067
2.083e-05 17.1067
0.617305 18.1758
2.26485e-05 19.245
1.23459 19.245
1.85187 20.3142
2.46915 19.245
3.70372 19.245
4.321 20.3142
3.70371 21.3833
4.93828 21.3833
5.55556 22.4525
6.17284 21.3833
7.40741 21.3833
6.79013 20.3142
7.40741 19.245
8.64197 19.245
9.25926 20.3142
9.87654 19.245
11.1111 19.245
11.7284 20.3142
11.1111 21.3833
12.3457 21.3833
12.963 22.4525
12.3457 23.5217
11.1111 23.5217
11.7284 24.5908
11.1111 25.66
12.3457 25.66
12.963 26.7292
13.5802 25.66
14.8148 25.66
15.4321 26.7292
14.8148 27.7983
16.0494 27.7983
16.6667 28.8675
16.0494 29.9367
14.8148 29.9367
15.4321 31.0058
14.8148 32.075
13.5802 32.075
12.9629 31.0058
12.3457 32.075
11.1111 32.075
11.7284 33.1442
11.1111 34.2133
12.3457 34.2133
12.963 35.2825
12.3457 36.3517
11.1111 36.3517
11.7284 37.4208
11.1111 38.49
9.87654 38.49
9.25925 37.4208
8.64197 38.49
7.40741 38.49
6.79013 37.4208
7.40741 36.3517
6.17284 36.3517
5.55556 35.2825
4.93828 36.3517
3.70371 36.3517
4.321 37.4208
3.70372 38.49
2.46916 38.49
1.85187 37.4208
1.23459 38.49
2.95248e-05 38.49
0.617313 39.5592
2.95011e-05 40.6283
1.2346 40.6283
1.85188 41.6975
1.2346 42.7667
2.89951e-05 42.7667
0.617313 43.8358
2.89786e-05 44.905
1.2346 44.905
1.85188 45.9742
2.46916 44.905
3.70373 44.905
4.32101 45.9742
3.70373 47.0433
4.9383 47.0433
5.55558 48.1125
4.9383 49.1817
3.70373 49.1817
4.32101 50.2508
3.70373 51.32
2.46916 51.32
1.85188 50.2508
1.23459 51.32
2.24901e-05 51.32
0.617305 52.3892
2.09838e-05 53.4583
1.23459 53.4583
1.85187 54.5275
1.23459 55.5967
1.84785e-05 55.5967
0.617302 56.6658
1.79454e-05 57.735
1.23458 57.735
1.85186 58.8042
2.46915 57.735
3.70371 57.735
4.32099 58.8042
3.70371 59.8733
4.93828 59.8733
5.55556 60.9425
6.17284 59.8733
7.40741 59.8733
6.79013 58.8042
7.40741 57.735
8.64197 57.735
9.25926 58.8042
9.87654 57.735
11.1111 57.735
11.7284 58.8042
11.1111 59.8733
12.3457 59.8733
12.963 60.9425
12.3457 62.0117
11.1111 62.0117
11.7284 63.0808
11.1111 64.15
12.3457 64.15
12.963 65.2192
13.5802 64.15
14.8148 64.15
15.4321 65.2192
14.8148 66.2883
16.0494 66.2883
16.6667 67.3575
17.284 66.2883
18.5185 66.2883
17.9012 65.2192
18.5185 64.15
19.7531 64.15
20.3704 65.2192
20.9876 64.15
22.2222 64.15
21.6049 63.0808
22.2222 62.0117
20.9877 62.0117
20.3704 60.9425
20.9877 59.8733
22.2222 59.8733
21.6049 58.8042
22.2222 57.735
23.4568 57.735
24.0741 58.8042
24.6913 57.735
25.9259 57.735
26.5432 58.8042
25.9259 59.8733
27.1605 59.8733
27.7778 60.9425
28.3951 59.8733
29.6296 59.8733
29.0123 58.8042
29.6296 57.735
30.8642 57.735
31.4815 58.8042
32.0987 57.735
33.3333 57.735
33.9506 58.8042
33.3333 59.8733
34.5679 59.8733
35.1852 60.9425
34.5679 62.0117
33.3333 62.0117
33.9506 63.0808
33.3333 64.15
34.5679 64.15
35.1852 65.2192
35.8024 64.15
37.037 64.15
37.6543 65.2192
37.037 66.2883
38.2716 66.2883
38.8889 67.3575
38.2716 68.4267
37.037 68.4267
37.6543 69.4958
37.037 70.565
35.8024 70.565
35.1851 69.4958
34.5679 70.565
33.3333 70.565
33.9506 71.6342
33.3333 72.7033
34.5679 72.7033
35.1852 73.7725
34.5679 74.8417
33.3333 74.8417
33.9506 75.9108
33.3333 76.98
34.5679 76.98
35.1852 78.0492
35.8024 76.98
37.037 76.98
37.6543 78.0492
37.037 79.1183
38.2716 79.1183
38.8889 80.1875
39.5062 79.1183
40.7407 79.1183
40.1234 78.0492
40.7407 76.98
41.9753 76.98
42.5926 78.0492
43.2098 76.98
44.4444 76.98
45.0617 78.0492
44.4444 79.1183
45.679 79.1183
46.2963 80.1875
45.679 81.2567
44.4444 81.2567
45.0617 82.3258
44.4444 83.395
45.679 83.395
46.2963 84.4642
46.9135 83.395
48.1481 83.395
48.7654 84.4642
48.1481 85.5333
49.3827 85.5333
50 86.6025
50.6173 85.5333
51.8519 85.5333
51.2346 84.4642
51.8519 83.395
53.0865 83.395
53.7038 84.4642
54.321 83.395
55.5556 83.395
54.9383 82.3258
55.5556 81.2567
54.321 81.2567
53.7037 80.1875
54.321 79.1183
55.5556 79.1183
54.9383 78.0492
55.5556 76.98
56.7902 76.98
57.4075 78.0492
58.0247 76.98
59.2593 76.98
59.8766 78.0492
59.2593 79.1183
60.4939 79.1183
61.1112 80.1875
61.7285 79.1183
62.963 79.1183
62.3457 78.0492
62.963 76.98
64.1976 76.98
64.8149 78.0492
65.4321 76.98
66.6667 76.98
66.0494 75.9108
66.6667 74.8417
65.4321 74.8417
64.8148 73.7725
65.4321 72.7033
66.6667 72.7033
66.0494 71.6342
66.6667 70.565
65.4321 70.565
64.8148 69.4958
64.1976 70.565
62.963 70.565
62.3457 69.4958
62.963 68.4267
61.7284 68.4267
61.1111 67.3575
61.7284 66.2883
62.963 66.2883
62.3457 65.2192
62.963 64.15
64.1976 64.15
64.8149 65.2192
65.4321 64.15
66.6667 64.15
66.0494 63.0808
66.6667 62.0117
65.4321 62.0117
64.8148 60.9425
65.4321 59.8733
66.6667 59.8733
66.0494 58.8042
66.6667 57.735
67.9013 57.735
68.5186 58.8042
69.1358 57.735
70.3704 57.735
70.9877 58.8042
70.3704 59.8733
71.605 59.8733
72.2223 60.9425
72.8396 59.8733
74.0741 59.8733
73.4568 58.8042
74.0741 57.735
75.3087 57.735
75.926 58.8042
76.5432 57.735
77.7778 57.735
78.3951 58.8042
77.7778 59.8733
79.0124 59.8733
79.6297 60.9425
79.0124 62.0117
77.7778 62.0117
78.3951 63.0808
77.7778 64.15
79.0124 64.15
79.6297 65.2192
80.2469 64.15
81.4815 64.15
82.0988 65.2192
81.4815 66.2883
82.7161 66.2883
83.3334 67.3575
83.9507 66.2883
85.1852 66.2883
84.5679 65.2192
85.1852 64.15
86.4198 64.15
87.0371 65.2192
87.6543 64.15
88.8889 64.15
88.2716 63.0808
88.8889 62.0117
87.6544 62.0117
87.0371 60.9425
87.6544 59.8733
88.8889 59.8733
88.2716 58.8042
88.8889 57.735
90.1235 57.735
90.7408 58.8042
91.358 57.735
92.5926 57.735
93.2099 58.8042
92.5926 59.8733
93.8272 59.8733
94.4445 60.9425
95.0618 59.8733
96.2963 59.8733
95.679 58.8042
96.2963 57.735
97.5309 57.735
98.1482 58.8042
98.7654 57.735
100 57.735
99.3827 56.6658
100 55.5967
98.7654 55.5967
98.1481 54.5275
98.7654 53.4583
100 53.4583
99.3827 52.3892
100 51.32
98.7654 51.32
98.1481 50.2508
97.5309 51.32
96.2963 51.32
95.679 50.2508
96.2963 49.1817
95.0617 49.1817
94.4444 48.1125
95.0617 47.0433
96.2963 47.0433
95.679 45.9742
96.2963 44.905
97.5309 44.905
98.1482 45.9742
98.7654 44.905
100 44.905
99.3827 43.8358
100 42.7667
98.7654 42.7667
98.1481 41.6975
98.7654 40.6283
100 40.6283
99.3827 39.5592
100 38.49
98.7654 38.49
98.1481 37.4208
97.5309 38.49
96.2963 38.49
95.679 37.4208
96.2963 36.3517
95.0617 36.3517
94.4444 35.2825
93.8271 36.3517
92.5926 36.3517
93.2099 37.4208
92.5926 38.49
91.358 38.49
90.7407 37.4208
90.1235 38.49
88.8889 38.49
88.2716 37.4208
88.8889 36.3517
87.6543 36.3517
87.037 35.2825
87.6543 34.2133
88.8889 34.2133
88.2716 33.1442
88.8889 32.075
87.6543 32.075
87.037 31.0058
86.4198 32.075
85.1852 32.075
84.5679 31.0058
85.1852 29.9367
83.9506 29.9367
83.3333 28.8675
83.9506 27.7983
85.1852 27.7983
84.5679 26.7292
85.1852 25.66
86.4198 25.66
87.0371 26.7292
87.6543 25.66
88.8889 25.66
88.2716 24.5908
88.8889 23.5217
87.6543 23.5217
87.037 22.4525
87.6543 21.3833
88.8889 21.3833
88.2716 20.3142
88.8889 19.245
90.1235 19.245
90.7408 20.3142
91.358 19.245
92.5926 19.245
93.2099 20.3142
92.5926 21.3833
93.8272 21.3833
94.4445 22.4525
95.0618 21.3833
96.2963 21.3833
95.679 20.3142
96.2963 19.245
97.5309 19.245
98.1482 20.3142
98.7654 19.245
100 19.245
99.3827 18.1758
100 17.1067
98.7654 17.1067
98.1481 16.0375
98.7654 14.9683
100 14.9683
99.3827 13.8992
100 12.83
98.7654 12.83
98.1481 11.7608
97.5309 12.83
96.2963 12.83
95.679 11.7608
96.2963 10.6917
95.0617 10.6917
94.4444 9.6225
95.0617 8.55333
96.2963 8.55335
95.679 7.48417
96.2963 6.415
97.5309 6.415
98.1481 7.48417
98.7654 6.41501
100 6.41501
99.3827 5.34584
100 4.27666
98.7654 4.27667
98.1481 3.2075
98.7654 2.13833
100 2.13835
99.3827 1.06917
100 0
98.7654 1.51191e-16
98.1481 -1.06917
97.5309 3.02381e-16
96.2963 4.53572e-16
95.679 -1.06917
96.2963 -2.13835
95.0617 -2.13833
94.4444 -3.2075
93.8271 -2.13833
92.5926 -2.13832
93.2099 -1.06917
92.5926 9.07148e-16
91.358 1.05834e-15
90.7407 -1.06917
90.1235 1.20953e-15
88.8889 1.36072e-15
88.2716 -1.06917
88.8889 -2.13835
87.6543 -2.13833
87.037 -3.2075
87.6543 -4.27667
88.8889 -4.27666
88.2716 -5.34584
88.8889 -6.41501
87.6543 -6.415
87.037 -7.48417
86.4198 -6.415
85.1852 -6.41499
84.5679 -7.48416
85.1852 -8.55334
83.9506 -8.55332
83.3333 -9.62249
82.716 -8.55332
81.4815 -8.55331
82.0988 -7.48416
81.4815 -6.41499
80.2469 -6.41499
79.6296 -7.48415
79.0124 -6.41498
77.7778 -6.41498
78.3951 -5.34582
77.7778 -4.27667
79.0123 -4.27666
79.6296 -3.2075
79.0123 -2.13833
77.7778 -2.13832
78.3951 -1.06917
77.7778 2.72144e-15
76.5432 2.87263e-15
75.9259 -1.06917
75.3087 3.02382e-15
74.0741 3.17501e-15
73.4568 -1.06917
74.0741 -2.13835
72.8395 -2.13833
72.2222 -3.2075
71.6049 -2.13833
70.3704 -2.13832
70.9877 -1.06917
70.3704 3.62859e-15
69.1358 3.77978e-15
68.5185 -1.06917
67.9013 3.93097e-15
66.6667 4.08216e-15
66.0494 -1.06917
66.6667 -2.13835
65.4321 -2.13833
64.8148 -3.2075
65.4321 -4.27667
66.6667 -4.27666
66.0494 -5.34584
66.6667 -6.41501
65.4321 -6.41501
64.8148 -7.48417
64.1976 -6.415
62.963 -6.415
62.3457 -7.48417
62.963 -8.55335
61.7284 -8.55333
61.1111 -9.6225
61.7284 -10.6917
62.963 -10.6917
62.3457 -11.7608
62.963 -12.83
64.1976 -12.83
64.8149 -11.7608
65.4321 -12.83
66.6667 -12.83
66.0494 -13.8992
66.6667 -14.9683
65.4321 -14.9683
64.8148 -16.0375
65.4321 -17.1067
66.6667 -17.1067
66.0494 -18.1758
66.6667 -19.245
65.4321 -19.245
64.8148 -20.3142
64.1976 -19.245
62.963 -19.245
62.3457 -20.3142
62.963 -21.3833
61.7284 -21.3833
61.1111 -22.4525
60.4938 -21.3833
59.2593 -21.3833
59.8766 -20.3142
59.2593 -19.245
58.0247 -19.245
57.4074 -20.3142
56.7902 -19.245
55.5556 -19.245
54.9383 -20.3142
55.5556 -21.3833
54.321 -21.3833
53.7037 -22.4525
54.321 -23.5217
55.5556 -23.5217
54.9383 -24.5908
55.5556 -25.66
54.321 -25.66
53.7037 -26.7292
53.0865 -25.66
51.8519 -25.66
51.2346 -26.7292
51.8519 -27.7983
50.6173 -27.7983
50 -28.8675
49.3827 -27.7983
48.1481 -27.7983
48.7654 -26.7292
48.1481 -25.66
46.9135 -25.66
46.2962 -26.7292
45.679 -25.66
44.4444 -25.66
45.0617 -24.5908
44.4444 -23.5217
45.679 -23.5217
46.2963 -22.4525
45.679 -21.3833
44.4444 -21.3833
45.0617 -20.3142
44.4444 -19.245
43.2098 -19.245
42.5925 -20.3142
41.9753 -19.245
40.7407 -19.245
40.1234 -20.3142
40.7407 -21.3833
39.5061 -21.3833
38.8888 -22.4525
38.2715 -21.3833
37.037 -21.3833
37.6543 -20.3142
37.037 -19.245
35.8024 -19.245
35.1851 -20.3142
34.5679 -19.245
33.3333 -19.245
33.9506 -18.1758
33.3333 -17.1067
34.5679 -17.1067
35.1852 -16.0375
34.5679 -14.9683
33.3333 -14.9683
33.9506 -13.8992
33.3333 -12.83
34.5679 -12.83
35.1852 -11.7608
35.8024 -12.83
37.037 -12.83
37.6543 -11.7608
37.037 -10.6917
38.2716 -10.6917
38.8889 -9.6225
38.2716 -8.55333
37.037 -8.55335
37.6543 -7.48417
37.037 -6.415
35.8024 -6.415
35.1852 -7.48417
34.5679 -6.41501
33.3333 -6.41501
33.9506 -5.34584
33.3333 -4.27666
34.5679 -4.27667
35.1852 -3.2075
34.5679 -2.13833
33.3333 -2.13835
33.9506 -1.06917
33.3333 -4.08216e-15
32.0987 -3.93097e-15
31.4814 -1.06917
30.8642 -3.77978e-15
29.6296 -3.62859e-15
29.0123 -1.06917
29.6296 -2.13835
28.395 -2.13833
27.7777 -3.2075
27.1604 -2.13833
25.9259 -2.13832
26.5432 -1.06917
25.9259 -3.17501e-15
24.6913 -3.02382e-15
24.074 -1.06917
23.4568 -2.87263e-15
22.2222 -2.72144e-15
21.6049 -1.06917
22.2222 -2.13835
20.9876 -2.13833
20.3703 -3.2075
20.9876 -4.27667
22.2222 -4.27666
21.6049 -5.34584
22.2222 -6.41501
20.9876 -6.415
20.3703 -7.48417
19.7531 -6.415
18.5185 -6.41499
17.9012 -7.48416
18.5185 -8.55334
17.2839 -8.55332
16.6666 -9.62249
16.0493 -8.55332
14.8148 -8.55331
15.4321 -7.48416
14.8148 -6.41499
13.5802 -6.41499
12.9629 -7.48415
12.3457 -6.41498
11.1111 -6.41498
11.7284 -5.34582
11.1111 -4.27667
12.3456 -4.27666
12.9629 -3.2075
12.3456 -2.13833
11.1111 -2.13832
11.7284 -1.06917
11.1111 -1.36072e-15
9.87653 -1.20953e-15
9.25925 -1.06917
8.64197 -1.05834e-15
7.4074 -9.07148e-16
6.79012 -1.06917
7.4074 -2.13833
6.17283 -2.13833
5.55555 -3.2075
4.93827 -2.13833
3.7037 -2.13833
4.32098 -1.06917
3.7037 -4.53572e-16
2.46913 -3.02381e-16
1.85185 -1.06917
1.23457 -1.51191e-16
0 0
