.01	-.04605170185988091368
.02	-.07824046010856292117
.03	-.10519673691959945029
.04	-.12875503299472802996
.05	-.14978661367769954967
.06	-.16880464300560218203
.07	-.18614820258529446440
.08	-.20205829154466043518
.09	-.21671510477866847867
.10	-.23025850929940456840
.11	-.24280024045086929063
.12	-.25443162434401092693
.13	-.26522870770845210215
.14	-.27525579989219658549
.15	-.28456799773288219530
.16	-.29321303419972962085
.17	-.30123266312841879892
.18	-.30866371705654680164
.19	-.31553892929611367252
.20	-.32188758248682007492
.21	-.32773602713558035802
.22	-.33310810117855061320
.23	-.33802547311355658576
.24	-.34250792535363497961
.25	-.34657359027997265470
.26	-.35023914847131842386
.27	-.35351999639561581933
.28	-.35643038922760848434
.29	-.35898356324046902884
.30	-.36119184129778079778
.31	-.36306672426591298785
.32	-.36461897062027674270
.33	-.36585866609213167374
.34	-.36679528486645619264
.35	-.36743774357453719091
.36	-.36779444911151329190
.37	-.36787334113723076175
.38	-.36768192997944812746
.39	-.36722733054479352682
.40	-.36651629274966202607
.41	-.36555522890635126130
.42	-.36435023843598368608
.43	-.36290713022664744616
.44	-.36123144291072529025
.45	-.35932846329799722478
.46	-.35720324316953832919
.47	-.35486061461067540716
.48	-.35230520403849621070
.49	-.34954144505995773133
.50	-.34657359027997265470
.51	-.34340572216452045415
.52	-.34004176305146528683
.53	-.33648548439106385296
.54	-.33274051528886117159
.55	-.32881035041559124715
.56	-.32469835734164759541
.57	-.32040778334751849347
.58	-.31594176175616977822
.59	-.31130331782859943127
.60	-.30649537425959440992
.61	-.30152075630701587276
.62	-.29638219658465988386
.63	-.29108233954583196848
.64	-.28562374568218848737
.65	-.28000889546009526729
.66	-.27424019301469944328
.67	-.26831996962007395660
.68	-.26225048695214957488
.69	-.25603394015967407022
.70	-.24967246075711266523
.71	-.24316811935221092215
.72	-.23652292821986596103
.73	-.22973884373298117442
.74	-.22281776866010199454
.75	-.21576155433883569557
.76	-.20857200273333781978
.77	-.20125086838349378952
.78	-.19379986025282971231
.79	-.18622064348164520034
.80	-.17851484105136780460
.81	-.17068403536567860798
.82	-.16272976975354736889
.83	-.15465354989893955898
.84	-.14645684520161331226
.85	-.13814109007310867620
.86	-.12970768517174192622
.87	-.12115799858015165502
.88	-.11249336692869870823
.89	-.10371509646779686144
.90	-.09482446409204367109
.91	-.08582271831882960745
.92	-.07671108022392697371
.93	-.06749074433639695056
.94	-.05816287949500222348
.95	-.04872862966817300674
.96	-.03918911473944492436
.97	-.02954543126016728953
.98	-.01979865317116905943
.99	-.00994983249496642676
1.00	0
1.01	.01004983416169976366
1.02	.02019867984210330728
1.03	.03044556630879073481
1.04	.04078954167941254811
1.05	.05122967237790360321
1.06	.06176504261141432205
1.07	.07239475386698184162
1.08	.08311792442701859097
1.09	.09393368890274704225
1.10	.10484119778475734604
1.11	.11583961700990947216
1.12	.12692812754384355569
1.13	.13810592497840159661
1.14	.14937221914330066576
1.15	.16072623373143250197
1.16	.17216720593719700245
1.17	.18369438610730775843
1.18	.19530703740353660254
1.19	.20700443547689124059
1.20	.21878586815274555145
1.21	.23065063512646616129
1.22	.24259804766910153195
1.23	.25462742834272113648
1.24	.26673811072501241593
1.25	.27892943914276219470
1.26	.29120076841386715288
1.27	.30355146359753487936
1.28	.31598089975235302128
1.29	.32848846170191916341
1.30	.34107354380773836763
1.31	.35373554974910883070
1.32	.36647389230972892185
1.33	.37928799317077098810
1.34	.39217728271017880140
1.35	.40514119980795640901
1.36	.41817919165722647102
1.37	.43129071358084595975
1.38	.44447522885337638654
1.39	.45773220852821454091
1.40	.47106113126969810270
1.41	.48446148319000844335
1.42	.49793275769070049504
1.43	.51147445530869675426
1.44	.52508608356658932348
1.45	.53876715682710039892
1.46	.55251719615155780288
1.47	.56633572916224805233
1.48	.58022228990851506883
1.49	.59417641873647798169
1.50	.60819766216224657295
1.51	.62228557274851777074
1.52	.63643970898444123073
1.53	.65065963516864646535
1.54	.66494492129532819743
1.55	.67929514294329064135
1.56	.69370988116785525805
1.57	.70818872239554020232
1.58	.72273125832142318816
1.59	.73733708580910285042
1.60	.75200580679317688584
1.61	.76673702818415832087
1.62	.78153036177575418527
1.63	.79638542415443367461
1.64	.81130183661121556964
1.65	.82627922505560724933
1.66	.84131721993163009565
1.67	.85641545613586844449
1.68	.87157357293748149527
1.69	.88679121390011975587
1.70	.90206802680568967359
1.71	.91740366357991209183
1.72	.93279778021962207974
1.73	.94825003672175951147
1.74	.96376009701400152831
1.75	.97932762888698970097
1.76	.99495230392810632809
1.77	1.01063379745675585992
1.78	1.02637178846110892784
1.79	1.04216595953626789437
1.80	1.05801599682381421472
1.81	1.07392158995269922562
1.82	1.08988243198144124822
1.83	1.10589821934159311696
1.84	1.12196865178244542187
1.85	1.13809343231693188422
1.86	1.15427226716870437438
1.87	1.17050486572034612922
1.88	1.18679094046269273470
1.89	1.20313020694523141126
1.90	1.21952238372755007438
1.91	1.23596719233180854418
1.92	1.25246435719620514533
1.93	1.26901360562941277475
1.94	1.28561466776595932117
1.95	1.30226727652252809631
1.96	1.31897116755515468756
1.97	1.33572607921729736331
1.98	1.35253175251875885909
1.99	1.36938793108543804446
2.00	1.38629436111989061882
